 -0.179553
  0.101248
 -0.156673
  -1.92527
0.00671957
   2.01099
  0.430889
 -0.179554
   0.10125
 -0.156667
  -1.92527
0.00672161
   2.01099
    0.4309
 -0.179552
   0.10125
 -0.156665
  -1.92527
0.00671957
   2.01098
  0.430896
 -0.179546
   0.10125
 -0.156665
  -1.92527
0.00672028
   2.01099
  0.430899
 -0.179552
  0.101255
 -0.156668
  -1.92527
0.00672089
   2.01098
    0.4309
 -0.179553
   0.10125
 -0.156672
  -1.92527
0.00671886
   2.01098
  0.430899
 -0.179556
   0.10125
 -0.156669
  -1.92527
0.00672028
   2.01099
  0.430894
 -0.179554
  0.101252
 -0.156669
  -1.92527
0.00671957
   2.01098
  0.430895
 -0.179554
  0.101249
 -0.156667
  -1.92527
0.00672089
   2.01098
  0.430899
 -0.179556
  0.101251
 -0.156667
  -1.92527
0.00671957
   2.01098
  0.430889
 -0.179554
  0.101248
 -0.156668
  -1.92527
0.00671886
   2.01098
  0.430897
 -0.179554
  0.101252
 -0.156668
  -1.92527
0.00671957
   2.01099
  0.430897
 -0.179556
  0.101252
 -0.156668
  -1.92527
0.00672028
   2.01098
  0.430896
 -0.179552
  0.101248
 -0.156664
  -1.92527
0.00672028
   2.01098
  0.430895
 -0.179554
  0.101252
  -0.15667
  -1.92527
0.00671886
   2.01099
  0.430899
 -0.179553
   0.10125
  -0.15667
  -1.92527
0.00672089
   2.01099
  0.430898
 -0.179554
  0.101253
 -0.156671
  -1.92527
0.00672028
   2.01099
  0.430894
 -0.179558
  0.101253
 -0.156667
  -1.92527
0.00672028
   2.01099
  0.430897
 -0.179554
   0.10125
 -0.156668
  -1.92527
0.00672089
   2.01099
  0.430893
 -0.179554
  0.101252
  -0.15667
  -1.92527
0.00672028
   2.01099
  0.430896
 -0.179554
  0.101253
 -0.156668
  -1.92527
0.00672089
   2.01099
  0.430901
 -0.179551
  0.101253
 -0.156668
  -1.92527
0.00672028
   2.01098
  0.430897
 -0.179552
  0.101248
 -0.156672
  -1.92527
0.00672028
   2.01098
  0.430899
 -0.179554
  0.101252
  -0.15667
  -1.92527
0.00671957
   2.01098
  0.430893
 -0.179551
  0.101252
 -0.156669
  -1.92527
0.00672028
   2.01098
  0.430898
 -0.179549
  0.101252
 -0.156669
  -1.92527
0.00671957
   2.01099
  0.430893
 -0.179554
  0.101249
 -0.156668
  -1.92527
0.00672028
   2.01099
  0.430898
 -0.179548
  0.101248
 -0.156667
  -1.92527
0.00671957
   2.01098
  0.430893
 -0.179554
   0.10125
 -0.156672
  -1.92527
0.00672089
   2.01098
  0.430893
 -0.179553
   0.10125
 -0.156669
  -1.92527
0.00671825
   2.01098
  0.430897
 -0.179553
  0.101252
 -0.156671
  -1.92527
0.00671886
   2.01099
   0.43089
 -0.179553
  0.101252
 -0.156669
  -1.92527
0.00672028
   2.01098
  0.430898
 -0.179556
   0.10125
 -0.156673
  -1.92527
0.00671957
   2.01098
  0.430894
 -0.179549
   0.10125
 -0.156669
  -1.92527
0.00671957
   2.01099
  0.430896
  -0.17955
  0.101252
 -0.156669
  -1.92527
0.00671957
   2.01098
  0.430894
 -0.179551
  0.101249
  -0.15667
  -1.92527
0.00671957
   2.01099
  0.430896
 -0.179554
  0.101252
 -0.156669
  -1.92527
0.00672028
   2.01099
  0.430897
 -0.179553
  0.101253
 -0.156673
  -1.92527
0.00672028
   2.01099
  0.430896
 -0.179549
  0.101253
 -0.156669
  -1.92527
0.00672028
   2.01099
  0.430903
 -0.179552
   0.10125
 -0.156667
  -1.92527
0.00672028
   2.01099
  0.430894
 -0.179548
   0.10125
 -0.156671
  -1.92526
0.00671957
   2.01099
  0.430901
 -0.179554
  0.101254
 -0.156665
  -1.92527
0.00671957
   2.01099
  0.430894
 -0.179553
   0.10125
 -0.156665
  -1.92527
0.00671886
   2.01098
  0.430893
 -0.179553
  0.101252
 -0.156672
  -1.92527
0.00672089
   2.01099
  0.430901
 -0.179553
   0.10125
 -0.156672
  -1.92527
0.00672089
   2.01098
  0.430892
 -0.179553
  0.101246
 -0.156671
  -1.92527
0.00671957
   2.01099
  0.430899
 -0.179553
  0.101252
 -0.156667
  -1.92527
0.00672028
   2.01099
  0.430892
 -0.179549
   0.10125
 -0.156671
  -1.92527
0.00671957
   2.01098
  0.430896
 -0.179554
  0.101254
 -0.156672
  -1.92527
0.00671886
   2.01099
  0.430894
 -0.179548
  0.101249
 -0.156667
  -1.92527
0.00671957
   2.01099
  0.430899
  -0.17955
  0.101249
 -0.156668
  -1.92527
0.00672028
   2.01098
  0.430901
 -0.179551
  0.101249
 -0.156667
  -1.92527
0.00671957
   2.01099
   0.43089
 -0.179547
   0.10125
 -0.156669
  -1.92527
0.00672028
   2.01098
  0.430898
 -0.179551
  0.101246
 -0.156667
  -1.92527
0.00672028
   2.01098
  0.430892
 -0.179551
  0.101252
 -0.156668
  -1.92526
0.00671957
   2.01099
  0.430899
 -0.179552
  0.101251
 -0.156669
  -1.92527
0.00671957
   2.01098
  0.430895
 -0.179551
  0.101252
 -0.156668
  -1.92527
0.00671957
   2.01099
  0.430895
 -0.179553
   0.10125
 -0.156667
  -1.92527
0.00672028
   2.01099
  0.430899
 -0.179552
  0.101252
 -0.156671
  -1.92527
0.00672161
   2.01099
  0.430896
  -0.17955
  0.101252
 -0.156671
  -1.92527
0.00672028
   2.01098
  0.430894
 -0.179552
  0.101252
  -0.15667
  -1.92527
0.00671886
   2.01098
  0.430901
 -0.179553
  0.101248
 -0.156668
  -1.92527
0.00672161
   2.01098
  0.430895
 -0.179553
   0.10125
 -0.156668
  -1.92527
0.00672028
   2.01099
  0.430896
 -0.179553
  0.101253
 -0.156668
  -1.92527
0.00671957
   2.01099
  0.430895
 -0.179551
   0.10125
 -0.156666
  -1.92527
0.00672089
   2.01099
  0.430901
 -0.179551
  0.101252
 -0.156671
  -1.92527
0.00672089
   2.01099
  0.430891
 -0.179551
  0.101252
 -0.156668
  -1.92527
0.00672028
   2.01099
  0.430898
 -0.179551
  0.101252
  -0.15667
  -1.92527
0.00672089
   2.01099
  0.430899
  -0.17955
   0.10125
 -0.156669
  -1.92527
0.00672028
   2.01098
  0.430891
 -0.179554
  0.101252
 -0.156667
  -1.92527
0.00671957
   2.01099
  0.430901
 -0.179554
  0.101252
 -0.156668
  -1.92527
0.00671957
   2.01098
  0.430892
 -0.179551
  0.101253
 -0.156669
  -1.92527
0.00671886
   2.01099
  0.430895
 -0.179554
   0.10125
 -0.156673
  -1.92527
0.00672028
   2.01098
  0.430898
 -0.179552
  0.101252
 -0.156673
  -1.92527
0.00671957
   2.01099
  0.430896
 -0.179552
  0.101253
 -0.156667
  -1.92527
0.00672089
   2.01099
  0.430895
 -0.179556
  0.101255
 -0.156668
  -1.92527
0.00671957
   2.01098
  0.430892
 -0.179553
  0.101252
 -0.156672
  -1.92527
0.00671957
   2.01099
    0.4309
 -0.179554
   0.10125
  -0.15667
  -1.92527
0.00671957
   2.01099
  0.430894
 -0.179553
  0.101252
  -0.15667
  -1.92527
0.00671957
   2.01098
  0.430902
 -0.179551
   0.10125
 -0.156668
  -1.92527
0.00672028
   2.01099
    0.4309
 -0.179554
   0.10125
  -0.15667
  -1.92527
0.00671957
   2.01098
  0.430894
 -0.179553
  0.101252
  -0.15667
  -1.92527
0.00671957
   2.01099
  0.430902
 -0.179556
  0.101248
 -0.156668
  -1.92527
0.00672028
   2.01098
  0.430892
 -0.179549
  0.101252
  -0.15667
  -1.92527
0.00672089
   2.01099
  0.430895
 -0.179552
  0.101253
  -0.15667
  -1.92527
0.00672028
   2.01098
    0.4309
 -0.179553
  0.101252
 -0.156668
  -1.92527
0.00672028
   2.01098
  0.430895
 -0.179552
  0.101253
 -0.156667
  -1.92527
0.00672028
   2.01099
  0.430895
 -0.179552
  0.101252
 -0.156672
  -1.92527
0.00672028
   2.01098
  0.430892
 -0.179556
  0.101251
 -0.156672
  -1.92527
0.00672161
   2.01099
  0.430896
 -0.179558
   0.10125
 -0.156673
  -1.92527
0.00671957
   2.01098
  0.430889
 -0.179554
  0.101255
 -0.156671
  -1.92527
0.00672028
   2.01099
  0.430901
-0.179551
 0.101252
-0.156666
 -1.92527
0.0067177
  2.01098
 0.430895
 -0.179554
  0.101254
  -0.15667
  -1.92527
0.00671922
   2.01098
  0.430894
 -0.179552
  0.101252
 -0.156668
  -1.92527
0.00671673
   2.01098
  0.430901
-0.179552
 0.101248
-0.156672
 -1.92527
0.0067191
  2.01099
 0.430893
 -0.179556
  0.101254
 -0.156672
  -1.92527
0.00671918
   2.01099
  0.430899
  -0.17955
  0.101251
  -0.15667
  -1.92527
0.00671828
   2.01098
  0.430899
 -0.179554
   0.10125
 -0.156668
  -1.92527
0.00671846
   2.01098
  0.430897
-0.179554
 0.101248
 -0.15667
 -1.92527
0.0067192
  2.01098
 0.430895
 -0.179555
  0.101253
 -0.156672
  -1.92527
0.00672016
   2.01098
  0.430893
 -0.179553
  0.101253
  -0.15667
  -1.92527
0.00671953
   2.01099
  0.430899
 -0.179553
   0.10125
 -0.156668
  -1.92527
0.00671956
   2.01099
  0.430897
-0.179553
 0.101252
-0.156666
 -1.92527
0.0067216
  2.01099
 0.430903
 -0.179551
  0.101252
 -0.156668
  -1.92527
0.00672028
   2.01098
  0.430896
 -0.179554
  0.101246
  -0.15667
  -1.92527
0.00672028
   2.01098
  0.430898
 -0.179556
   0.10125
 -0.156667
  -1.92527
0.00671957
   2.01098
  0.430896
 -0.179551
  0.101253
 -0.156668
  -1.92527
0.00671957
   2.01099
  0.430895
 -0.179553
  0.101248
 -0.156666
  -1.92527
0.00672089
   2.01098
  0.430903
 -0.179553
  0.101253
 -0.156666
  -1.92527
0.00672089
   2.01099
  0.430898
 -0.179553
  0.101253
 -0.156669
  -1.92527
0.00671957
   2.01098
  0.430898
 -0.179551
  0.101252
 -0.156669
  -1.92526
0.00672028
   2.01098
  0.430893
 -0.179552
  0.101252
  -0.15667
  -1.92527
0.00671957
   2.01098
  0.430898
 -0.179553
  0.101248
 -0.156671
  -1.92527
0.00672161
   2.01098
  0.430896
 -0.179553
  0.101248
 -0.156671
  -1.92527
0.00672028
   2.01099
  0.430896
  -0.17955
  0.101252
 -0.156665
  -1.92527
0.00671957
   2.01098
  0.430901
 -0.179555
   0.10125
 -0.156668
  -1.92527
0.00672089
   2.01099
  0.430893
 -0.179553
  0.101246
 -0.156668
  -1.92527
0.00671957
   2.01099
  0.430901
 -0.179551
  0.101252
 -0.156668
  -1.92527
0.00671886
   2.01099
  0.430893
 -0.179548
  0.101252
 -0.156668
  -1.92527
0.00672028
   2.01099
  0.430897
 -0.179551
   0.10125
 -0.156666
  -1.92527
0.00672161
   2.01099
  0.430898
 -0.179549
  0.101252
 -0.156666
  -1.92527
0.00672089
   2.01098
  0.430891
 -0.179547
  0.101248
 -0.156668
  -1.92527
0.00671886
   2.01098
  0.430898
 -0.179551
  0.101254
 -0.156665
  -1.92527
0.00672089
   2.01098
  0.430892
 -0.179549
  0.101252
 -0.156667
  -1.92527
0.00671957
   2.01098
  0.430897
  -0.17955
  0.101247
  -0.15667
  -1.92527
0.00672028
   2.01098
  0.430893
  -0.17955
   0.10125
 -0.156671
  -1.92527
0.00671825
   2.01099
    0.4309
 -0.179552
   0.10125
 -0.156665
  -1.92527
0.00671957
   2.01099
  0.430898
 -0.179552
  0.101246
 -0.156666
  -1.92527
0.00671886
   2.01098
  0.430889
 -0.179552
  0.101245
 -0.156664
  -1.92527
0.00672028
   2.01099
  0.430902
 -0.179551
  0.101252
 -0.156665
  -1.92527
0.00671957
   2.01098
  0.430898
  -0.17955
  0.101248
 -0.156667
  -1.92527
0.00672028
   2.01098
  0.430894
 -0.179554
  0.101248
 -0.156667
  -1.92527
0.00672028
   2.01098
  0.430894
 -0.179554
  0.101252
 -0.156669
  -1.92527
0.00671957
   2.01098
  0.430899
 -0.179554
   0.10125
 -0.156671
  -1.92527
0.00671957
   2.01099
  0.430889
 -0.179551
  0.101252
 -0.156669
  -1.92527
0.00672028
   2.01099
    0.4309
 -0.179551
   0.10125
  -0.15667
  -1.92527
0.00672028
   2.01099
  0.430896
 -0.179552
  0.101252
 -0.156672
  -1.92527
0.00672161
   2.01099
  0.430894
 -0.179551
   0.10125
 -0.156667
  -1.92527
0.00672028
   2.01098
  0.430904
 -0.179553
  0.101254
 -0.156669
  -1.92527
0.00672089
   2.01099
  0.430895
 -0.179551
  0.101251
 -0.156665
  -1.92527
0.00671886
   2.01099
  0.430898
 -0.179552
  0.101254
 -0.156664
  -1.92527
0.00671957
   2.01098
  0.430899
 -0.179553
  0.101252
 -0.156666
  -1.92527
0.00671957
   2.01099
  0.430898
 -0.179553
   0.10125
 -0.156667
  -1.92527
0.00672028
   2.01098
  0.430895
 -0.179553
  0.101253
  -0.15667
  -1.92527
0.00672028
   2.01099
  0.430892
 -0.179551
  0.101245
 -0.156669
  -1.92527
0.00671957
   2.01099
  0.430895
 -0.179554
   0.10125
 -0.156671
  -1.92527
0.00672028
   2.01099
  0.430893
 -0.179553
  0.101253
 -0.156669
  -1.92527
0.00672089
   2.01098
  0.430901
 -0.179552
  0.101252
 -0.156668
  -1.92527
0.00671886
   2.01098
  0.430897
 -0.179554
  0.101253
  -0.15667
  -1.92527
0.00672028
   2.01099
  0.430897
 -0.179556
  0.101253
  -0.15667
  -1.92527
0.00672028
   2.01098
  0.430904
 -0.179554
  0.101248
 -0.156667
  -1.92527
0.00671638
   2.01098
  0.430891
 -0.179552
   0.10125
 -0.156666
  -1.92527
0.00671983
   2.01098
  0.430901
 -0.179554
   0.10125
  -0.15667
  -1.92527
0.00671993
   2.01098
  0.430895
  -0.17955
   0.10125
 -0.156668
  -1.92527
0.00672017
   2.01098
  0.430897
 -0.179552
  0.101257
 -0.156666
  -1.92527
0.00672024
   2.01098
    0.4309
 -0.179552
  0.101255
  -0.15667
  -1.92527
0.00672088
   2.01099
  0.430895
 -0.179552
  0.101252
 -0.156665
  -1.92527
0.00671957
   2.01098
  0.430897
 -0.179554
  0.101253
  -0.15667
  -1.92527
0.00671886
   2.01099
  0.430895
 -0.179551
  0.101253
 -0.156668
  -1.92527
0.00672028
   2.01099
  0.430898
 -0.179553
   0.10125
 -0.156664
  -1.92527
0.00672028
   2.01098
  0.430897
 -0.179551
  0.101252
 -0.156668
  -1.92527
0.00671886
   2.01098
  0.430892
 -0.179552
  0.101253
 -0.156668
  -1.92527
0.00671957
   2.01098
  0.430898
 -0.179549
  0.101252
 -0.156669
  -1.92527
0.00671957
   2.01098
  0.430891
 -0.179554
  0.101255
 -0.156673
  -1.92527
0.00671957
   2.01098
  0.430901
 -0.179556
  0.101253
 -0.156669
  -1.92527
0.00672089
   2.01098
  0.430896
 -0.179554
   0.10125
  -0.15667
  -1.92527
0.00671957
   2.01098
    0.4309
 -0.179549
  0.101253
 -0.156669
  -1.92527
0.00672028
   2.01099
  0.430896
 -0.179552
  0.101252
  -0.15667
  -1.92527
0.00672028
   2.01098
  0.430893
 -0.179553
   0.10125
  -0.15667
  -1.92527
0.00672028
   2.01099
  0.430901
 -0.179556
   0.10125
 -0.156671
  -1.92527
0.00671957
   2.01099
  0.430897
 -0.179554
   0.10125
 -0.156667
  -1.92527
0.00672089
   2.01099
    0.4309
 -0.179554
  0.101252
 -0.156668
  -1.92527
0.00671957
   2.01098
  0.430896
 -0.179556
  0.101252
 -0.156668
  -1.92527
0.00672089
   2.01099
  0.430895
 -0.179553
  0.101252
 -0.156667
  -1.92527
0.00672028
   2.01099
  0.430898
 -0.179553
  0.101253
  -0.15667
  -1.92527
0.00672028
   2.01098
  0.430896
 -0.179551
  0.101252
 -0.156669
  -1.92527
0.00671957
   2.01098
  0.430898
 -0.179551
  0.101257
 -0.156669
  -1.92527
0.00671957
   2.01098
  0.430897
 -0.179553
  0.101251
 -0.156669
  -1.92527
0.00672222
   2.01099
  0.430901
 -0.179551
  0.101254
  -0.15667
  -1.92527
0.00671957
   2.01098
  0.430898
 -0.179552
   0.10125
 -0.156665
  -1.92527
0.00671886
   2.01098
  0.430892
 -0.179552
   0.10125
 -0.156664
  -1.92527
0.00672028
   2.01098
  0.430903
 -0.179552
  0.101252
 -0.156666
  -1.92527
0.00671957
   2.01098
  0.430895
 -0.179552
  0.101252
 -0.156666
  -1.92527
0.00672161
   2.01098
  0.430902
 -0.179552
  0.101248
 -0.156664
  -1.92527
0.00672089
   2.01098
  0.430896
 -0.179552
  0.101253
 -0.156667
  -1.92527
0.00671957
   2.01099
  0.430895
 -0.179553
  0.101252
  -0.15667
  -1.92527
0.00672089
   2.01098
  0.430901
 -0.179556
  0.101252
  -0.15667
  -1.92527
0.00672028
   2.01098
  0.430897
 -0.179553
  0.101253
 -0.156667
  -1.92527
0.00672089
   2.01098
  0.430899
 -0.179553
   0.10125
  -0.15667
  -1.92527
0.00671886
   2.01099
  0.430892
 -0.179549
  0.101252
 -0.156671
  -1.92527
0.00672028
   2.01099
  0.430902
 -0.179552
  0.101246
 -0.156674
  -1.92527
0.00671957
   2.01099
   0.43089
 -0.179552
   0.10125
 -0.156671
  -1.92527
0.00671957
   2.01099
  0.430894
 -0.179551
  0.101252
 -0.156667
  -1.92527
0.00672161
   2.01099
  0.430897
 -0.179554
  0.101252
  -0.15667
  -1.92527
0.00671709
   2.01099
  0.430893
 -0.179553
  0.101252
 -0.156672
  -1.92527
0.00671531
   2.01098
  0.430896
 -0.179553
  0.101252
 -0.156672
  -1.92527
0.00671815
   2.01098
  0.430895
 -0.179549
   0.10125
 -0.156671
  -1.92527
0.00671981
   2.01098
    0.4309
-0.179553
 0.101252
-0.156669
 -1.92527
0.0067187
  2.01099
 0.430893
 -0.179551
  0.101248
 -0.156668
  -1.92527
0.00672155
   2.01099
  0.430898
 -0.179553
  0.101253
 -0.156672
  -1.92527
0.00671955
   2.01099
  0.430897
 -0.179554
  0.101254
 -0.156669
  -1.92527
0.00672028
   2.01099
  0.430892
 -0.179553
  0.101252
 -0.156667
  -1.92527
0.00671886
   2.01099
  0.430899
 -0.179553
  0.101247
 -0.156671
  -1.92527
0.00671957
   2.01098
  0.430889
 -0.179551
  0.101248
 -0.156671
  -1.92527
0.00672028
   2.01098
    0.4309
  -0.17955
  0.101252
 -0.156669
  -1.92527
0.00672028
   2.01098
  0.430898
 -0.179554
   0.10125
 -0.156668
  -1.92527
0.00672089
   2.01099
  0.430899
 -0.179553
  0.101252
 -0.156668
  -1.92527
0.00672089
   2.01098
  0.430901
 -0.179554
  0.101252
  -0.15667
  -1.92527
0.00672028
   2.01098
  0.430893
 -0.179553
  0.101253
 -0.156671
  -1.92526
0.00671957
   2.01099
  0.430896
 -0.179553
  0.101252
 -0.156671
  -1.92527
0.00672028
   2.01098
  0.430894
 -0.179554
  0.101253
 -0.156668
  -1.92527
0.00671957
   2.01098
  0.430901
 -0.179554
   0.10125
 -0.156668
  -1.92527
0.00672028
   2.01099
  0.430895
 -0.179552
   0.10125
 -0.156667
  -1.92527
0.00672089
   2.01098
  0.430897
 -0.179554
  0.101254
 -0.156672
  -1.92527
0.00672028
   2.01098
  0.430899
 -0.179554
  0.101247
 -0.156667
  -1.92527
0.00672028
   2.01098
  0.430893
 -0.179556
  0.101248
 -0.156672
  -1.92527
0.00672089
   2.01098
  0.430898
 -0.179551
   0.10125
 -0.156668
  -1.92527
0.00672028
   2.01099
  0.430895
 -0.179554
  0.101248
 -0.156664
  -1.92527
0.00672028
   2.01098
  0.430899
 -0.179556
  0.101248
 -0.156666
  -1.92527
0.00671886
   2.01099
  0.430893
 -0.179554
  0.101253
  -0.15667
  -1.92527
0.00671957
   2.01099
  0.430897
 -0.179554
  0.101248
 -0.156669
  -1.92527
0.00672028
   2.01098
  0.430898
 -0.179551
  0.101252
 -0.156669
  -1.92527
0.00672028
   2.01099
    0.4309
 -0.179554
  0.101252
 -0.156668
  -1.92527
0.00672028
   2.01098
  0.430898
 -0.179552
  0.101252
 -0.156667
  -1.92527
0.00671886
   2.01098
   0.43089
 -0.179554
  0.101248
 -0.156668
  -1.92527
0.00672089
   2.01099
  0.430898
 -0.179551
  0.101255
 -0.156668
  -1.92527
0.00672028
   2.01099
  0.430893
 -0.179552
  0.101252
 -0.156668
  -1.92527
0.00671957
   2.01098
  0.430895
 -0.179554
  0.101251
 -0.156672
  -1.92527
0.00672028
   2.01098
  0.430896
 -0.179554
   0.10125
 -0.156667
  -1.92527
0.00672028
   2.01099
  0.430894
 -0.179554
  0.101252
 -0.156667
  -1.92527
0.00671957
   2.01099
  0.430893
 -0.179553
   0.10125
  -0.15667
  -1.92527
0.00672028
   2.01098
  0.430895
 -0.179553
  0.101252
 -0.156667
  -1.92527
0.00672028
   2.01098
  0.430898
 -0.179554
  0.101252
  -0.15667
  -1.92527
0.00671957
   2.01098
  0.430894
 -0.179556
  0.101252
  -0.15667
  -1.92527
0.00671886
   2.01099
  0.430901
 -0.179554
  0.101247
 -0.156667
  -1.92527
0.00671957
   2.01099
  0.430892
 -0.179551
  0.101253
 -0.156666
  -1.92527
0.00672028
   2.01098
  0.430896
 -0.179555
  0.101255
 -0.156668
  -1.92527
0.00672089
   2.01098
  0.430903
 -0.179554
  0.101254
  -0.15667
  -1.92527
0.00671957
   2.01098
  0.430897
 -0.179553
  0.101252
  -0.15667
  -1.92527
0.00672028
   2.01099
    0.4309
 -0.179551
  0.101255
 -0.156669
  -1.92527
0.00672028
   2.01099
  0.430894
  -0.17955
  0.101251
 -0.156671
  -1.92527
0.00672028
   2.01099
  0.430895
  -0.17955
  0.101256
 -0.156669
  -1.92527
0.00671957
   2.01098
  0.430889
 -0.179551
  0.101256
 -0.156667
  -1.92527
0.00672089
   2.01099
  0.430899
  -0.17955
  0.101247
 -0.156669
  -1.92527
0.00671957
   2.01098
    0.4309
 -0.179549
  0.101252
 -0.156668
  -1.92527
0.00672028
   2.01099
  0.430894
 -0.179549
   0.10125
 -0.156666
  -1.92527
0.00671957
   2.01098
  0.430898
 -0.179556
  0.101248
 -0.156669
  -1.92527
0.00672028
   2.01098
  0.430894
 -0.179556
   0.10125
 -0.156669
  -1.92527
0.00672161
   2.01098
  0.430895
 -0.179553
  0.101254
  -0.15667
  -1.92527
0.00672028
   2.01098
  0.430897
 -0.179551
  0.101253
 -0.156668
  -1.92527
0.00671957
   2.01098
  0.430896
 -0.179553
  0.101254
  -0.15667
  -1.92527
0.00672089
   2.01099
  0.430894
 -0.179554
  0.101252
 -0.156667
  -1.92527
0.00672028
   2.01099
  0.430893
 -0.179554
  0.101254
 -0.156666
  -1.92527
0.00671957
   2.01098
  0.430899
 -0.179551
  0.101254
 -0.156666
  -1.92526
0.00672028
   2.01098
  0.430894
 -0.179549
  0.101254
  -0.15667
  -1.92527
0.00672028
   2.01098
  0.430903
  -0.17955
   0.10125
  -0.15667
  -1.92527
0.00671957
   2.01098
  0.430899
 -0.179548
   0.10125
 -0.156667
  -1.92527
0.00671957
   2.01098
  0.430893
 -0.179552
   0.10125
 -0.156668
  -1.92527
0.00672161
   2.01099
  0.430897
 -0.179552
  0.101252
 -0.156668
  -1.92527
0.00672028
   2.01098
  0.430892
 -0.179551
  0.101248
 -0.156668
  -1.92527
0.00672089
   2.01099
    0.4309
 -0.179553
  0.101253
 -0.156668
  -1.92527
0.00671957
   2.01098
  0.430895
 -0.179556
  0.101248
 -0.156672
  -1.92527
0.00671886
   2.01099
  0.430896
 -0.179553
   0.10125
  -0.15667
  -1.92527
0.00672028
   2.01098
  0.430896
 -0.179553
  0.101253
 -0.156665
  -1.92527
0.00672089
   2.01099
  0.430895
 -0.179553
   0.10125
 -0.156667
  -1.92527
0.00671886
   2.01098
  0.430895
 -0.179551
   0.10125
 -0.156671
  -1.92527
0.00671957
   2.01098
  0.430893
  -0.17955
   0.10125
 -0.156669
  -1.92527
0.00672028
   2.01098
  0.430898
 -0.179553
  0.101252
 -0.156669
  -1.92527
0.00672089
   2.01098
  0.430893
 -0.179553
  0.101254
  -0.15667
  -1.92527
0.00671957
   2.01099
  0.430898
 -0.179551
   0.10125
 -0.156672
  -1.92527
0.00671825
   2.01099
  0.430893
 -0.179552
  0.101246
 -0.156668
  -1.92527
0.00671957
   2.01099
  0.430894
 -0.179554
  0.101252
 -0.156666
  -1.92527
0.00672028
   2.01098
  0.430899
  -0.17955
  0.101248
  -0.15667
  -1.92527
0.00671886
   2.01098
  0.430893
 -0.179548
  0.101248
 -0.156665
  -1.92527
0.00671886
   2.01099
  0.430894
 -0.179554
   0.10125
 -0.156665
  -1.92527
0.00672028
   2.01098
  0.430892
 -0.179551
   0.10125
  -0.15667
  -1.92527
0.00672089
   2.01099
  0.430899
 -0.179551
   0.10125
 -0.156669
  -1.92527
0.00672028
   2.01099
  0.430896
 -0.179552
  0.101248
  -0.15667
  -1.92527
0.00671957
   2.01098
  0.430897
 -0.179549
   0.10125
 -0.156665
  -1.92527
0.00671957
   2.01098
  0.430896
 -0.179551
   0.10125
 -0.156667
  -1.92527
0.00672089
   2.01099
  0.430891
 -0.179553
  0.101252
 -0.156665
  -1.92527
0.00672161
   2.01098
  0.430896
 -0.179551
  0.101253
 -0.156666
  -1.92527
0.00671957
   2.01098
  0.430894
  -0.17955
   0.10125
  -0.15667
  -1.92527
0.00671957
   2.01099
  0.430897
 -0.179554
  0.101252
 -0.156672
  -1.92527
0.00672089
   2.01099
   0.43089
 -0.179554
  0.101248
  -0.15667
  -1.92527
0.00671957
   2.01099
  0.430894
 -0.179552
  0.101248
 -0.156671
  -1.92527
0.00672028
   2.01098
  0.430892
 -0.179552
   0.10125
 -0.156673
  -1.92527
0.00672028
   2.01099
  0.430895
 -0.179554
  0.101252
 -0.156669
  -1.92527
0.00672089
   2.01099
  0.430904
 -0.179551
   0.10125
 -0.156671
  -1.92527
0.00672028
   2.01098
  0.430895
  -0.17955
  0.101257
 -0.156671
  -1.92527
0.00671886
   2.01098
  0.430899
 -0.179551
  0.101248
 -0.156672
  -1.92527
0.00671957
   2.01098
  0.430896
 -0.179552
   0.10125
  -0.15667
  -1.92526
0.00671957
   2.01099
  0.430896
 -0.179552
  0.101255
 -0.156672
  -1.92527
0.00672028
   2.01098
  0.430898
 -0.179554
  0.101256
 -0.156668
  -1.92527
0.00672028
   2.01098
  0.430894
 -0.179551
  0.101249
 -0.156668
  -1.92527
0.00671886
   2.01098
    0.4309
 -0.179554
  0.101254
 -0.156672
  -1.92527
0.00672028
   2.01098
  0.430891
 -0.179555
  0.101248
 -0.156667
  -1.92527
0.00672089
   2.01099
  0.430902
 -0.179553
  0.101252
 -0.156666
  -1.92527
0.00672028
   2.01098
  0.430894
 -0.179554
   0.10125
 -0.156668
  -1.92527
0.00671957
   2.01098
  0.430898
 -0.179551
  0.101253
 -0.156672
  -1.92527
0.00672089
   2.01098
  0.430898
 -0.179554
  0.101252
 -0.156667
  -1.92527
0.00671709
   2.01099
  0.430889
 -0.179548
  0.101252
 -0.156668
  -1.92527
0.00671922
   2.01099
  0.430894
 -0.179552
   0.10125
 -0.156666
  -1.92527
0.00671993
   2.01099
  0.430892
 -0.179552
  0.101252
  -0.15667
  -1.92527
0.00671945
   2.01098
  0.430895
 -0.179554
  0.101252
 -0.156668
  -1.92527
0.00672157
   2.01098
  0.430897
 -0.179553
  0.101248
  -0.15667
  -1.92527
0.00672027
   2.01098
  0.430895
 -0.179552
   0.10125
  -0.15667
  -1.92527
0.00671886
   2.01099
  0.430896
 -0.179554
  0.101252
 -0.156667
  -1.92527
0.00672089
   2.01099
  0.430892
 -0.179553
  0.101246
 -0.156666
  -1.92527
0.00671886
   2.01098
  0.430901
 -0.179551
   0.10125
 -0.156666
  -1.92527
0.00672089
   2.01098
  0.430893
 -0.179558
  0.101246
  -0.15667
  -1.92527
0.00671957
   2.01098
    0.4309
 -0.179554
  0.101252
 -0.156667
  -1.92527
0.00672028
   2.01099
  0.430898
 -0.179554
   0.10125
  -0.15667
  -1.92527
0.00672028
   2.01099
  0.430894
 -0.179551
   0.10125
 -0.156674
  -1.92527
0.00672028
   2.01098
    0.4309
 -0.179556
  0.101248
 -0.156669
  -1.92527
0.00672028
   2.01099
  0.430896
 -0.179551
  0.101248
 -0.156667
  -1.92527
0.00672089
   2.01099
    0.4309
 -0.179554
  0.101252
 -0.156667
  -1.92527
0.00672161
   2.01098
  0.430895
 -0.179554
  0.101248
 -0.156671
  -1.92527
0.00672028
   2.01099
  0.430901
 -0.179554
  0.101248
 -0.156668
  -1.92527
0.00672028
   2.01098
  0.430899
 -0.179553
  0.101252
 -0.156668
  -1.92527
0.00671886
   2.01098
  0.430896
 -0.179549
  0.101254
  -0.15667
  -1.92527
0.00672089
   2.01098
  0.430896
 -0.179553
  0.101251
 -0.156669
  -1.92527
0.00672028
   2.01099
  0.430894
 -0.179553
  0.101252
 -0.156668
  -1.92527
0.00672028
   2.01098
    0.4309
 -0.179556
  0.101248
 -0.156671
  -1.92527
0.00671957
   2.01099
  0.430897
 -0.179549
  0.101248
 -0.156671
  -1.92527
0.00672089
   2.01099
  0.430897
 -0.179548
  0.101248
 -0.156667
  -1.92527
0.00671886
   2.01099
  0.430898
 -0.179552
   0.10125
 -0.156666
  -1.92527
0.00672028
   2.01098
  0.430895
  -0.17955
  0.101252
 -0.156668
  -1.92527
0.00672028
   2.01098
    0.4309
 -0.179554
   0.10125
 -0.156665
  -1.92527
0.00672028
   2.01099
  0.430896
 -0.179554
  0.101252
  -0.15667
  -1.92527
0.00672028
   2.01098
  0.430896
 -0.179552
  0.101253
 -0.156672
  -1.92527
0.00671886
   2.01098
  0.430894
 -0.179554
  0.101252
 -0.156667
  -1.92527
0.00672028
   2.01098
  0.430894
  -0.17955
  0.101254
  -0.15667
  -1.92527
0.00672028
   2.01099
  0.430897
 -0.179548
  0.101252
 -0.156665
  -1.92527
0.00671957
   2.01098
  0.430889
 -0.179554
   0.10125
 -0.156668
  -1.92527
0.00672028
   2.01098
  0.430899
 -0.179553
  0.101252
 -0.156666
  -1.92527
0.00672028
   2.01099
  0.430891
 -0.179551
  0.101253
  -0.15667
  -1.92527
0.00672028
   2.01098
  0.430897
  -0.17955
  0.101253
  -0.15667
  -1.92527
0.00672222
   2.01098
  0.430893
  -0.17955
  0.101252
 -0.156667
  -1.92527
0.00672028
   2.01098
  0.430896
 -0.179553
  0.101252
 -0.156667
  -1.92527
0.00672028
   2.01098
  0.430897
 -0.179553
   0.10125
 -0.156666
  -1.92527
0.00672028
   2.01099
  0.430894
 -0.179553
   0.10125
 -0.156666
  -1.92527
0.00671957
   2.01099
  0.430892
 -0.179551
  0.101252
 -0.156666
  -1.92527
0.00672028
   2.01099
  0.430894
 -0.179553
  0.101252
 -0.156668
  -1.92527
0.00672028
   2.01099
  0.430899
 -0.179554
   0.10125
 -0.156668
  -1.92527
0.00671886
   2.01098
  0.430894
 -0.179553
   0.10125
 -0.156666
  -1.92527
0.00671957
   2.01099
  0.430896
 -0.179549
  0.101253
  -0.15667
  -1.92527
0.00672028
   2.01099
  0.430897
 -0.179552
  0.101252
 -0.156667
  -1.92527
0.00672028
   2.01099
  0.430892
 -0.179553
  0.101253
 -0.156667
  -1.92527
0.00671957
   2.01098
  0.430896
 -0.179553
   0.10125
 -0.156668
  -1.92527
0.00672161
   2.01099
  0.430892
 -0.179551
  0.101246
 -0.156668
  -1.92527
0.00671957
   2.01098
  0.430898
 -0.179551
   0.10125
 -0.156668
  -1.92527
0.00671957
   2.01099
  0.430892
 -0.179552
  0.101252
 -0.156672
  -1.92527
0.00672089
   2.01099
    0.4309
 -0.179552
  0.101254
 -0.156669
  -1.92527
0.00671886
   2.01098
  0.430893
 -0.179551
  0.101252
 -0.156668
  -1.92527
0.00671886
   2.01099
  0.430895
 -0.179551
   0.10125
 -0.156663
  -1.92527
0.00672028
   2.01099
  0.430898
 -0.179554
  0.101252
 -0.156666
  -1.92527
0.00672028
   2.01099
  0.430895
 -0.179553
   0.10125
 -0.156664
  -1.92527
0.00672028
   2.01098
  0.430898
 -0.179551
  0.101252
  -0.15667
  -1.92527
0.00671957
   2.01099
  0.430896
 -0.179549
  0.101252
  -0.15667
  -1.92527
0.00672028
   2.01098
  0.430891
 -0.179553
  0.101252
 -0.156669
  -1.92527
0.00672028
   2.01098
  0.430898
 -0.179554
  0.101252
 -0.156671
  -1.92527
0.00671957
   2.01099
  0.430891
  -0.17955
  0.101248
  -0.15667
  -1.92527
0.00672089
   2.01099
  0.430899
 -0.179552
  0.101253
 -0.156671
  -1.92527
0.00672028
   2.01099
  0.430895
 -0.179554
  0.101255
 -0.156671
  -1.92527
0.00672028
   2.01099
  0.430897
 -0.179553
  0.101247
 -0.156673
  -1.92527
0.00672028
   2.01099
  0.430894
 -0.179551
  0.101252
 -0.156667
  -1.92527
0.00672028
   2.01098
  0.430898
 -0.179554
   0.10125
 -0.156672
  -1.92527
0.00672028
   2.01098
  0.430902
 -0.179553
  0.101248
  -0.15667
  -1.92527
0.00672028
   2.01099
  0.430893
  -0.17955
  0.101253
 -0.156667
  -1.92527
0.00672028
   2.01099
  0.430901
 -0.179552
   0.10125
 -0.156672
  -1.92527
0.00672028
   2.01099
  0.430898
 -0.179554
  0.101248
 -0.156668
  -1.92527
0.00672028
   2.01099
  0.430895
 -0.179551
  0.101252
 -0.156666
  -1.92527
0.00672028
   2.01099
    0.4309
 -0.179554
  0.101253
 -0.156666
  -1.92527
0.00672028
   2.01099
    0.4309
 -0.179551
  0.101252
  -0.15667
  -1.92527
0.00671638
   2.01098
  0.430901
 -0.179556
  0.101253
 -0.156671
  -1.92527
0.00671851
   2.01098
  0.430898
 -0.179551
  0.101252
 -0.156669
  -1.92526
0.00672054
   2.01099
  0.430902
 -0.179551
  0.101252
 -0.156669
  -1.92527
0.00672017
   2.01099
  0.430894
  -0.17955
  0.101252
  -0.15667
  -1.92527
0.00672086
   2.01099
  0.430895
 -0.179554
  0.101248
 -0.156672
  -1.92527
0.00672027
   2.01098
  0.430897
 -0.179549
  0.101252
 -0.156671
  -1.92527
0.00672089
   2.01098
  0.430894
  -0.17955
  0.101253
 -0.156669
  -1.92527
0.00671957
   2.01098
  0.430902
 -0.179556
  0.101248
 -0.156671
  -1.92527
0.00672028
   2.01099
  0.430895
 -0.179553
  0.101246
  -0.15667
  -1.92527
0.00672089
   2.01099
  0.430895
 -0.179551
  0.101252
 -0.156668
  -1.92527
0.00671825
   2.01098
  0.430896
 -0.179556
  0.101252
  -0.15667
  -1.92527
0.00671957
   2.01098
  0.430892
 -0.179553
  0.101248
 -0.156669
  -1.92527
0.00672089
   2.01099
  0.430893
 -0.179551
   0.10125
  -0.15667
  -1.92527
0.00672028
   2.01098
  0.430892
 -0.179549
  0.101248
 -0.156666
  -1.92527
0.00672028
   2.01099
  0.430897
 -0.179552
   0.10125
  -0.15667
  -1.92527
0.00672028
   2.01099
  0.430888
 -0.179552
   0.10125
  -0.15667
  -1.92527
0.00671957
   2.01098
  0.430896
 -0.179553
  0.101252
 -0.156668
  -1.92527
0.00672089
   2.01099
  0.430897
 -0.179554
  0.101248
  -0.15667
  -1.92527
0.00671957
   2.01098
  0.430894
 -0.179551
   0.10125
 -0.156668
  -1.92527
0.00671957
   2.01099
    0.4309
 -0.179552
   0.10125
 -0.156668
  -1.92527
0.00671957
   2.01098
  0.430894
 -0.179552
  0.101246
 -0.156666
  -1.92527
0.00672028
   2.01098
  0.430896
 -0.179548
   0.10125
 -0.156668
  -1.92527
0.00672089
   2.01098
  0.430902
 -0.179554
  0.101248
  -0.15667
  -1.92527
0.00672028
   2.01098
  0.430894
 -0.179553
   0.10125
 -0.156671
  -1.92527
0.00672089
   2.01098
  0.430897
 -0.179554
  0.101252
 -0.156671
  -1.92527
0.00672028
   2.01099
  0.430892
 -0.179556
   0.10125
 -0.156667
  -1.92527
0.00672028
   2.01099
  0.430899
 -0.179551
  0.101248
 -0.156668
  -1.92527
0.00671886
   2.01099
   0.43089
 -0.179554
   0.10125
 -0.156662
  -1.92527
0.00671957
   2.01098
  0.430901
 -0.179554
  0.101252
 -0.156668
  -1.92527
0.00672028
   2.01098
  0.430898
 -0.179551
  0.101253
 -0.156669
  -1.92527
0.00672089
   2.01098
  0.430893
 -0.179552
  0.101253
 -0.156665
  -1.92527
0.00671957
   2.01099
    0.4309
  -0.17955
  0.101248
 -0.156665
  -1.92527
0.00671957
   2.01098
  0.430891
 -0.179551
   0.10125
 -0.156668
  -1.92527
0.00671957
   2.01098
  0.430895
 -0.179551
  0.101252
  -0.15667
  -1.92527
0.00671957
   2.01098
    0.4309
