 0.000105498
-0.000690585
-0.000178139
 0.000717217
-0.000125597
 0.000120064
 -0.00193447
-0.00048648
0.000189224
 0.00164448
0.000478145
0.000594437
8.00429e-05
 0.00111785
 -0.00032432
 0.000126149
  0.00109632
 0.000318763
-0.000281877
-0.000183997
-0.000950188
  0.00154702
 8.40996e-05
 0.000730879
-0.000344303
  4.9441e-05
 0.000114694
 0.000349886
-0.000175076
   0.0018193
-0.000626371
 0.000327277
 0.000236411
-0.000160896
 0.000707975
-0.000116718
-0.000550368
 -0.00106719
 0.000218184
-0.000520561
-0.000107264
  0.00121797
 -0.00119144
 -0.00101653
 0.000494963
 0.000145456
 0.000127677
  0.00016585
-0.000646083
-0.000237478
 0.000528742
 0.000329975
-0.000459841
-0.000152241
-0.000126793
 -0.00117671
-0.000158319
 -0.00141074
 0.000776795
-0.000306561
 0.000339316
-8.45284e-05
  0.00141958
-0.000662358
  0.00026593
-3.89483e-05
-0.000204374
-0.000214599
-5.63523e-05
 -0.00196974
  0.00011524
-0.000472327
-0.000582778
-0.000136249
-0.000380425
-3.75682e-05
  0.00136561
 7.68267e-05
 0.000891541
-0.000388518
 0.000465979
-1.62577e-05
 0.000212313
-7.29408e-05
-0.000505594
 0.000594361
-0.000259012
 0.000867465
  0.00022652
-9.58166e-05
-0.000794612
 0.000219749
-0.000810185
 0.000940949
  0.00057831
 0.000151014
-0.000301237
-2.11153e-05
 0.000146499
 0.000666302
-0.000486325
  -0.0013777
-0.000374042
 0.000511252
 0.000460641
 0.000654478
 -0.00011261
-0.000324216
 0.000287961
 0.000428807
 0.000103476
-0.000167624
-0.000120493
  0.00103855
-0.000216144
-0.000364838
 8.24208e-05
 0.000306343
-0.000349108
 -0.00128675
 0.000692367
 0.000412716
-0.000243225
 5.49472e-05
 0.000204229
 0.000954056
 0.000348589
-0.000652046
-0.000281668
 -0.00016215
 0.000240082
-0.000101207
  -0.0015341
 0.000232393
 0.000122115
-0.000187779
  -0.0001081
-4.33959e-05
 -6.7471e-05
 0.000672687
 0.000154929
 0.000638222
-0.000125186
 0.000484745
  0.00017452
-4.49807e-05
  0.00119444
 0.000660098
 0.000425481
-8.34572e-05
 0.000323163
-8.71039e-05
-0.000267346
-0.000661767
-0.000116747
 -0.00147958
-0.000705252
 0.000772254
-5.80693e-05
 -0.00041559
  0.00101688
-7.78312e-05
 0.000220037
 0.000179446
-4.19758e-05
-0.000276072
 -0.00027706
-0.000780139
  0.00115454
 0.000146691
 0.000676443
 0.000528828
 5.33111e-05
 5.26524e-05
-4.53749e-05
 0.000769692
-0.000459018
 -0.00010585
-0.000761072
-0.000201818
 0.000272461
-0.000776235
-0.000693298
-0.000955626
 0.000486245
 4.94307e-05
 0.000102813
 0.000656358
   0.0014492
 0.000744227
-0.000637084
 0.000324163
 -0.00117347
-0.000168817
-0.000274505
-0.000729289
-0.000710274
 0.000224891
-0.000990317
 0.000424111
 0.000328265
-0.000183003
-0.000486193
 8.32958e-05
 0.000149928
 0.000546215
-0.000923685
-0.000662776
-0.000122002
  0.00015059
 5.55305e-05
 0.000656764
-0.000192669
  0.00114745
  -0.0002384
 0.000393383
 -0.00159503
 3.70203e-05
 0.000437842
 0.000428366
 0.000208153
 0.000315785
-0.000212462
  0.00185277
 -0.00108894
-0.000264917
-0.000920849
 0.000138769
-2.68358e-05
-0.000141642
 1.44783e-05
  0.00103728
-0.000176611
 0.000592527
 9.25125e-05
-1.78906e-05
 0.000142931
 0.000721729
 0.000691517
-0.000117741
-0.000161794
-0.000495137
 -1.1927e-05
-0.000142071
-0.000230924
 0.000461011
-0.000728108
-0.000107863
-0.000979705
-7.95136e-06
 0.000142645
-0.000628667
-0.000899085
 0.000721021
 0.000484903
-3.52287e-06
 0.000232058
 0.000332455
 0.000767683
-4.25781e-05
  0.00103749
-0.000883157
  0.00111128
 0.000154705
 -1.5722e-05
-0.000675006
 0.000621229
 0.000691662
 0.000617655
-0.000372774
 0.000103137
-1.04814e-05
  0.00148278
-0.000235462
-0.000652516
 0.000968582
-0.000248516
 6.87579e-05
-6.98757e-06
 -0.00192761
  0.00049264
 -0.00108462
-0.000467903
  0.00150476
 -0.00019152
-4.65838e-06
 0.000885068
  -0.000878
 0.00104015
0.000801689
-0.00131688
-0.00012768
0.000234253
-0.00059675
-2.85211e-05
-0.000420187
 0.000534459
 0.000328508
-0.000322479
-0.000318549
-0.000397833
 -1.9014e-05
 0.000276687
 -0.00140693
-0.000987421
 0.000463182
 0.000499711
  0.00119284
 -1.2676e-05
-0.000372354
-0.000937954
-8.66658e-06
 0.000308788
-0.000378936
 -0.00140882
-8.45068e-06
 -0.00145466
 2.43109e-05
 0.000551034
-0.000234951
-1.52652e-05
 0.000756207
-5.63379e-06
 0.000793463
  0.00112983
 0.000924168
 8.07252e-05
-1.01768e-05
 -0.00119128
 0.000645858
-2.78364e-05
 -0.00101002
 0.000616112
-0.000183542
-0.000244143
 0.000901232
-0.000775854
 0.000538254
-0.000673345
-0.000702883
 -0.00035972
 7.45966e-05
 0.000126104
  0.00068919
 -0.00084759
 0.000757529
  -0.0011182
-2.45464e-06
  0.00028709
  0.00154213
  0.00045946
 -0.00112187
  0.00050502
-9.58543e-05
 0.000235723
-0.000283325
 0.000790729
 0.000306307
-0.000191103
 0.000893492
-6.39028e-05
-8.02106e-05
 4.84759e-05
 -0.00238897
  0.00131783
 0.000522212
 3.88492e-05
  0.00107102
 0.000183885
-0.000442401
  0.00132348
-0.000235072
-0.000858284
 2.58995e-05
-0.000399609
  0.00012259
-0.000294934
 -0.00108437
-0.000156714
 0.000634236
 1.72663e-05
  0.00205364
-0.000155632
 0.000278095
 0.000497789
  -0.0013109
 0.000422824
 1.15109e-05
-0.000394142
-0.000103755
 -5.1962e-05
-0.000142858
 0.000710708
 0.000502505
 8.40065e-05
 -0.00025813
-0.000249348
 0.000309636
  -0.0014325
-0.000175808
-0.000221809
 0.000612816
 -0.00137851
 7.11272e-05
 0.000206424
  0.00148641
-0.000674018
  0.00040894
 -0.00070508
-0.000919008
 0.000488228
 0.000374975
-0.000704484
 0.000107467
 0.000272626
 -0.00111967
 3.69417e-05
-0.000115324
-0.000224735
-0.000469656
 7.16446e-05
 0.000181751
-9.68308e-05
  0.00058144
-0.000551601
-0.000149823
  0.00114496
 4.77631e-05
 -0.00108526
-6.45539e-05
-0.000818799
 0.000547793
-0.000337241
-0.000220039
 3.18421e-05
-7.38918e-05
-4.30359e-05
  0.00066056
-7.56138e-05
 0.000249891
 0.000328025
  2.1228e-05
  0.00106436
-2.86906e-05
 0.000440373
-0.000287768
 0.000166594
 -0.00123938
 0.000663766
-0.000404049
 0.000537685
 0.000293582
 0.000248964
 0.000111062
 0.000869169
0.000442511
0.000287446
-0.00140478
0.000752533
0.000165976
0.000311401
-0.00159069
 0.000295007
 0.000191631
 0.000826717
 -0.00126155
-9.27998e-05
-2.97586e-05
  0.00138094
-0.000452943
 0.000127754
-5.66728e-06
-0.000191419
 0.000141584
  0.00021752
 0.000412003
 0.000347652
-0.000471643
 0.000553034
-0.000777226
-0.000109061
-0.000329705
 -0.00165811
-0.000974658
 0.000242383
 0.000368689
 0.000131463
-0.000310066
 1.75559e-05
  0.00157336
-0.000649772
 0.000161589
 0.000245793
 0.000644454
-0.000206711
-0.000225655
 -0.00115514
 0.000123631
 0.000664538
 0.000163862
 0.000429636
-0.000375166
 0.000324281
 0.000450608
-0.000474391
-0.000670599
 -0.00109718
 -0.00147681
 0.000224607
 -0.00025853
 0.000300406
-0.000316261
 0.000109746
-0.000731456
 0.000778695
-8.76209e-05
 0.000302364
  0.00020027
 0.000345971
 0.000629976
 0.000718788
-3.76818e-05
 0.000382396
-3.57828e-05
-0.000103845
-0.000882976
 0.000419984
-7.76198e-05
-2.51212e-05
-0.000185879
-0.000735932
-0.000815215
 0.000524973
-0.000276823
 -0.00070136
 0.000540064
-0.000123919
 0.000221455
 0.000914585
 -0.00020683
 -0.00074136
  0.00018204
-0.000196769
-8.26129e-05
 0.000859714
 -0.00156042
 0.000418925
 6.25717e-05
-0.000528254
-0.000131179
-5.50753e-05
-0.000376293
  0.00163849
 0.000279284
-0.000515097
 0.000297445
 0.000469359
 0.000200642
-1.35032e-05
  0.00034634
-0.000370623
-0.000343398
-0.000451317
 0.000869718
-0.000103598
 -0.00048372
 -0.00193925
  0.00030973
  0.00032788
-0.000300878
 -0.00118343
 -6.9065e-05
 0.000389597
  0.00138593
-0.000907137
-0.000987839
  0.00100584
-0.000139337
 0.000191316
-0.000214987
 -0.00128009
  0.00115848
 0.000547866
-0.000535866
 0.000463921
 0.000330994
 9.40345e-05
 0.000604668
 0.000122706
 0.000922056
-0.000357244
 0.000309281
 1.72123e-05
-0.000174669
  0.00087783
 8.18039e-05
 5.78921e-05
 0.000968263
-0.000350625
 1.14749e-05
-0.000116446
-0.000126857
-0.000502276
 0.000595407
 0.000645509
 0.000323062
 7.64991e-06
 0.000159728
 0.000152788
 0.000221961
-0.000716686
-0.000776087
-0.000341437
 5.09994e-06
-0.000130874
-0.000881486
 -0.00096565
-0.000477791
-0.000517391
 0.000329187
 0.000444209
  0.00015011
 0.000633046
 -0.00129338
-0.000318527
-0.000344927
  0.00077627
-0.000382029
-0.000374645
 -0.00174811
 0.000344172
  0.00155089
-0.000229952
 -0.00124572
-1.73269e-05
 0.000224955
  0.00175072
  0.00078626
-0.000172502
  0.00105312
-0.000180869
 0.000191899
-0.000324748
-0.000290916
-3.26385e-05
-0.000115001
 0.000145271
-0.000120579
-7.55177e-05
 2.08603e-05
 -0.00117729
 -2.1759e-05
-7.66674e-05
 9.68475e-05
 0.000476426
-5.03451e-05
 1.39068e-05
  0.00114792
 0.000542306
 -0.00125754
-0.000585049
 0.000317617
-3.35634e-05
 0.000483989
 -0.00093014
  -0.0014017
 0.000368068
-0.000390033
 0.000211745
-0.000259735
 8.53005e-05
 0.000837969
  0.00147838
-0.000311434
-0.000260022
 0.000141163
 0.000505012
-0.000180492
 8.39278e-05
-0.000220836
-0.000207622
 0.000476266
-0.000462703
-0.000341494
-0.000120328
  0.00053067
-0.000704036
-0.000788029
 0.000317511
 0.000248343
-0.000227662
-8.02186e-05
 0.000116421
-0.000469357
  0.00123789
-0.000994752
 -0.00039125
  8.5584e-05
-0.000290838
-0.000634463
 0.000800719
 0.000825257
-0.000106356
-0.000910447
-0.000180303
 0.000518185
  0.00052646
 0.000533813
-0.000563453
  0.00057871
 0.000599461
-0.000120202
 0.000345457
-0.000598462
 0.000355875
 0.000181177
 0.000942619
-0.000157171
 0.000598034
-7.05459e-06
  0.00153381
 0.000886864
 0.000120785
 7.16004e-05
-0.000754395
-4.21203e-05
-0.000479421
 -0.00141887
-0.000615183
 -0.00168271
 4.77336e-05
  0.00126031
-2.80802e-05
 -8.2255e-05
-0.000437287
-0.000966934
  8.4616e-05
 0.000588634
-0.000273419
-0.000256079
-5.48367e-05
 0.000420552
  0.00111862
  0.00117003
-0.000164389
 0.000374533
-0.000170719
 0.000200801
-0.000940335
 9.61295e-05
-0.000983215
 0.000447219
-0.000307123
 0.000326997
-0.000103492
  0.00181452
 6.40863e-05
  0.00110776
 0.000854958
 0.000352063
 0.000217998
 0.000168365
-0.000485743
 4.27242e-05
 0.000738508
 1.31601e-05
-0.000971717
-0.000295478
-0.000125116
 0.000625607
 2.84828e-05
-6.44736e-05
-0.000548039
  0.00167224
 4.03738e-05
-8.34106e-05
-0.000769724
-0.000537823
-4.29824e-05
-0.000365359
 1.20166e-06
-0.000210443
-0.000530325
 0.000198928
-0.000915361
 -0.00123508
-0.000243573
-0.000556011
 0.000537873
 0.000121168
 0.000132619
-5.34286e-05
-0.000823387
-0.000162382
 0.000186138
-8.22274e-05
 0.000318138
 0.000325771
 0.000521193
 0.000657501
  0.00100537
 0.000124092
-0.000292177
-2.52672e-05
 0.000963166
-0.000766162
-0.000118478
 0.000113434
  8.2728e-05
 0.000246025
 0.000220514
 -0.00227401
 0.000602849
 -0.00128541
-0.000481189
  5.5152e-05
-0.000276793
 0.000147009
 0.000891489
  0.00105151
 0.000906297
 0.000236019
  3.6768e-05
-0.000421888
 0.000572724
  -0.0011011
  0.00181463
 0.000604198
-0.000399466
  2.4512e-05
 0.000193459
-9.29018e-05
 1.19219e-05
 9.61313e-05
-0.000154013
 0.000290501
 1.63413e-05
 0.000569782
 0.000175424
  0.00122865
 6.40876e-05
 0.000454136
 0.000193668
 1.08942e-05
 0.000142496
-0.000595127
 -0.00138495
  0.00115635
-0.000903668
 0.000129112
 7.26282e-06
-0.000583171
-0.000159393
 0.000297405
-0.000342725
  0.00060398
 0.000642886
 4.84188e-06
 0.000289388
-0.000343621
-0.000785074
-0.000228483
 0.000402654
 0.000428591
 3.22792e-06
-0.000247884
 8.27852e-06
  0.00117204
-0.000152322
  -0.0014948
-0.000827897
 0.000558964
 7.21027e-05
 5.51901e-06
-0.000405436
-0.000751162
 0.000209891
-0.000551931
-0.000184169
  -0.0006301
 0.000241038
 0.000916504
 -0.00105759
 0.000139927
  0.00074567
-0.000679592
 2.07428e-05
 0.000160692
  0.00088227
-0.000148246
 -0.00111314
-5.96987e-05
 0.000103751
 -0.00022353
 -0.00036759
 -0.00209059
-9.88305e-05
 -0.00129891
 0.000517013
-0.000487645
 0.000325698
 0.000229658
  0.00175976
-0.000937231
 0.000637075
 0.000978589
-0.000199438
-0.000159209
 0.000115693
 0.000597524
 0.000581605
-0.000781709
-0.000554033
 0.000423853
  0.00013122
 7.71288e-05
-0.000551086
-0.000818689
 -0.00107795
 0.000187457
-0.000274243
 8.74797e-05
 5.14192e-05
 -0.00135073
-0.000545793
   0.0010446
-0.000431841
-0.000182829
-0.000179039
 3.42794e-05
  0.00154092
-0.000363862
  0.00013959
-0.000844706
 0.000434926
-0.000119359
 0.000260212
 -0.00188885
 0.000963851
 0.000649872
-0.000563137
 0.000289951
 0.000157786
 0.000173475
  0.00141953
-7.04634e-06
-0.000123564
 -0.00102504
 -0.00101313
 0.000105191
 0.000353009
 0.000200371
-4.69756e-06
 0.000474436
-0.000683359
 0.000531009
 0.000510937
-2.01982e-06
 -0.00132448
 0.000646482
-0.000240521
  0.00130767
 -0.00085242
-0.000100185
-0.000238705
   0.0022705
-0.000218626
 0.000396464
-0.000241847
 -0.00056828
  0.00013666
 7.82219e-05
 -0.00163982
-0.000145751
-0.000292502
 0.000952392
 0.000270761
-0.000587061
 0.000289507
 0.000839567
 -9.7167e-05
 0.000918622
 0.000634928
-0.000469107
-0.000154015
-0.000519072
 0.000322352
 -6.4778e-05
  5.5603e-05
 0.000423286
 0.000336876
-0.000102677
  0.00012867
 0.000723528
-4.31853e-05
-0.000519743
-0.000274622
 0.000781396
 0.000168908
-0.000151579
-0.000263633
-2.87902e-05
 0.000767128
-0.000739893
-3.58813e-05
 0.000112605
 0.000136306
  -0.0011591
-1.91935e-05
 -0.00236544
 6.35499e-05
-2.39209e-05
-0.000162289
 9.08708e-05
 0.000210611
-0.000569608
 0.000186276
-0.000514445
-1.59472e-05
 0.000129166
 6.05805e-05
-0.000334311
 0.000177074
  0.00123781
-0.000342964
  0.00110299
 0.000289561
-0.000196972
  0.00123519
-0.000438763
 0.000268393
-0.000228642
 0.000178516
-0.000485127
-0.000131315
-0.000871962
-0.000292509
 0.000735741
-0.000152428
-0.000437801
   0.0001513
 0.000624534
-0.000581308
-0.000751818
 0.000490494
-0.000101619
-0.000291867
 0.000100866
-0.000295721
   0.0017826
 5.56002e-05
 -0.00143624
 0.000489066
-0.000194578
-0.000170115
-0.000434506
 -0.00220244
 3.70668e-05
-0.000307881
 0.000326044
-0.000129719
   0.0003274
-5.23119e-05
  0.00121047
 2.47112e-05
-0.000205254
-0.000339449
-8.64792e-05
 1.48159e-05
-3.48746e-05
-0.000176364
 0.000573286
-0.000136836
  -0.0002263
 0.000499159
 9.87729e-06
-2.32497e-05
 0.000594501
 0.000382191
  0.00222883
 0.000405946
-0.000224039
 6.58486e-06
-1.54998e-05
 0.000667601
-0.000302018
 0.000929072
-0.000286182
 0.000407452
  0.00020784
 0.000227026
 -0.00175898
-0.000201345
-0.000587045
 0.000922836
-0.000285177
-0.000302249
-8.60085e-05
 0.000522768
 -0.00013423
 0.000165449
  -0.0004984
-0.000190118
-0.000438858
  0.00018002
 0.000111153
  0.00111694
 0.000110299
-0.000332267
-0.000126745
 0.000182146
 0.000120013
  7.4102e-05
 9.50121e-05
 -0.00104009
 0.000892113
-8.44969e-05
  0.00012143
 -0.00015735
  0.00028676
 6.33414e-05
-0.000136582
-0.000518882
 0.000500481
-0.000393764
  -0.0001049
 -0.00126689
 4.22276e-05
 0.000465757
 0.000210891
 0.000333654
-2.51506e-05
-0.000307292
  0.00135945
  0.00123458
-0.000246307
 0.000140594
 0.000222436
 -1.6767e-05
-0.000204862
 -0.00129774
-0.000940186
  0.00104222
  -0.0011127
-0.000408521
 -1.1178e-05
 0.000100785
  0.00133888
  -0.0011836
 4.52001e-05
-9.21839e-05
-0.000272348
 0.000433357
 6.71897e-05
  -0.0010741
-0.000232257
 -0.00108349
-6.14559e-05
-0.000181565
-0.000151905
-0.000192566
  0.00148798
  0.00105159
 0.000391297
 0.000515841
-0.000121043
 0.000136089
 0.000346341
 8.64353e-06
 5.14449e-05
-0.000295947
-0.000862532
 0.000476116
 9.07262e-05
-6.46515e-06
 -0.00192702
 3.42966e-05
 -0.00075411
 7.45928e-05
-0.000239401
 6.04841e-05
 0.000233049
  0.00115673
 -0.00109076
 -0.00050274
 4.97286e-05
 0.000397211
-0.000197036
 0.000155366
 -0.00068691
-0.000170361
 -0.00033516
 0.000589964
 0.000264808
 0.000309452
 0.000103577
 0.000254137
-0.000113574
 0.000333372
-0.000163502
-0.000380274
-0.000234508
-0.000168307
 0.000169424
-0.000632528
 0.000222248
  0.00044781
-0.000253516
 0.000284471
 0.000362513
 -0.00110775
 0.000691939
 0.000148165
  0.00029854
 -0.00016901
-1.38034e-05
 4.31634e-06
  0.00122819
 0.000461292
 0.000655589
-0.000357785
 0.000444138
-9.20225e-06
-0.000234481
-0.000910539
 0.000957142
-0.000119753
 0.000318289
 -0.00026072
-0.000243494
-0.000156321
   0.0011223
 0.000638095
  0.00112659
 0.000212192
-0.000823427
-0.000162329
-0.000104214
-0.000472501
-0.000224217
 -0.00101218
 -0.00041535
-0.000548951
 0.000773399
 0.000642601
  0.00185514
-0.000149478
 0.000438839
  -0.0002769
 0.000840458
-0.000366019
-0.000283676
-0.000696021
-0.000656464
-0.000821065
 0.000929024
  0.00111712
-0.000481372
-0.000663835
 -0.00168472
 0.000119169
-0.000547376
 0.000619349
-0.000368879
 0.000153803
  3.2161e-05
  0.00179298
-0.000477366
 0.000191894
-0.000143913
-0.000245919
-0.000134823
 2.14406e-05
  -0.0017208
 0.000238568
  0.00012793
-9.59417e-05
 0.000949678
 0.000588286
 1.42938e-05
  0.00105684
-0.000397767
 -0.00112114
  0.00114246
 0.000633118
 0.000154832
 -0.00022783
-0.000278781
 0.000291634
  0.00101581
-0.000444783
-0.000134733
-0.000337588
 0.000322831
  -0.0011692
 0.000194423
 0.000120396
-0.000853334
 -8.9822e-05
 0.000215751
 -2.2138e-05
 0.000915955
-0.000984009
 8.02638e-05
-0.000568889
-0.000616693
-5.96168e-05
-1.47587e-05
 0.000373278
 0.000457618
 0.000610321
 0.000177553
 0.000145683
 0.000163706
-9.83912e-06
 0.000248852
 0.000305079
-0.000706743
-0.000438444
 0.000653934
-0.000569031
   0.0002308
 -0.00152952
    0.000853
 8.56499e-05
-0.000292296
-0.000120856
 9.53638e-05
 0.000153866
  0.00260852
-0.000637759
 -0.00170614
 -0.00140129
-8.05706e-05
-0.000173783
 0.000102578
 -0.00212655
 0.000131639
 6.90006e-05
 0.000272233
-0.000610526
-0.000115855
 0.000305744
-0.000196994
 0.000737373
 0.000602812
   0.0007383
 0.000149795
 0.000600931
-3.35296e-05
  0.00108937
-0.000714844
 0.000401875
-0.000714226
-0.000456949
-4.01885e-05
-2.23531e-05
-0.000494454
 8.02495e-05
 0.000267917
 -0.00047615
 0.000252179
-0.000264151
 -0.00048962
   0.0006198
 5.34997e-05
 0.000178611
-0.000317434
-0.000388692
-0.000176101
-8.90543e-05
 -0.00104486
  0.00124209
 -0.00108735
 0.000437992
 0.000297684
 0.000119958
-5.93696e-05
 0.000524128
-0.000378364
 0.000481525
 0.000291994
 0.000198456
-0.000394746
 0.000197779
-0.000871284
 0.000397371
-0.000885409
 0.000194663
 0.000132304
 0.000652364
 0.000131853
  0.00114847
  -0.0003847
  0.00117296
-0.000519839
 0.000645015
-0.000243259
 8.79019e-05
-0.000455054
-0.000813279
 0.000225165
 0.000859867
-0.000683614
  7.5186e-05
 5.86013e-05
 -0.00104935
 1.46262e-05
  0.00015011
  0.00113006
 0.000657881
-0.000424594
 3.90675e-05
  0.00174184
 9.75083e-06
 -0.00166316
-0.000360253
 0.000438587
-4.57036e-05
-0.000686032
 -0.00199226
 6.50055e-06
-0.000551964
-0.000240169
 -0.00147085
  0.00020689
 1.73633e-05
  0.00107933
 0.000653948
  0.00083845
-0.000160112
 -0.00033095
 0.000137927
-0.000225783
 0.000990818
-0.000770461
 2.15442e-06
-0.000106742
 0.000336178
 0.000295402
 0.000324196
 0.000151919
 4.31714e-05
 0.000558248
 0.000485651
-0.000332693
 0.000196934
-2.12285e-05
 0.000338638
-0.000528031
 0.000372165
-0.000233045
 0.000335017
-7.21609e-05
-1.41523e-05
 -0.00146966
 0.000204791
 0.000804922
-0.000155363
  0.00133697
-0.000285466
 0.000465283
 0.000478287
 0.000136528
-2.01971e-05
-0.000753189
-0.000779124
 4.70481e-05
-0.000164529
-0.000393219
-0.000465794
 0.000543347
   0.0007043
-0.000519416
-0.000205994
-0.000109686
  0.00119592
-0.000867341
-0.000751392
-8.72789e-05
 0.000210535
  0.00010003
 0.000164235
-0.000660785
 0.000535397
-0.000500928
  0.00105544
-0.000416455
 0.000270137
-0.000127869
-0.000440523
-0.000199881
  0.00022286
 -0.00105961
-0.000927251
-2.33591e-05
-0.000322605
-5.63231e-05
-0.000133254
 -0.00161466
 0.000500018
 0.000588259
-1.55727e-05
  2.2289e-05
 -0.00102089
-0.000645648
-0.000519631
-0.000873081
-0.000814253
 0.000193069
 1.48593e-05
  0.00128609
 0.000683192
 0.000303193
   6.756e-05
  0.00066359
-7.47381e-05
 0.000247265
-0.000871934
-0.000101351
-0.000447485
  0.00115866
 0.000999205
-4.98254e-05
-7.25155e-05
 0.000402055
-0.000624379
-0.000298323
 0.000215631
 0.000109325
-0.000507935
 0.000189015
-0.000715308
-0.000416253
  0.00156436
-0.000413058
 7.28833e-05
-0.000101264
  0.00012601
  0.00098119
  0.00027931
-0.000720334
  0.00028144
 4.85889e-05
 0.000169849
-0.000153352
-5.79499e-05
  0.00139263
 0.000726203
-0.000369185
 3.23926e-05
 0.000113233
 0.000135124
  0.00141943
-0.000278004
 0.000484135
 0.000310688
 2.15951e-05
 7.54886e-05
-0.000147276
 0.000708927
-0.000185336
 0.000322757
 0.000207126
-0.000542415
-0.000424392
-9.81841e-05
 -0.00220615
-0.000123557
-0.000991255
-0.000418728
 0.000195202
  0.00039524
 0.000171903
    0.001208
  0.00112405
  0.00175202
-0.000279152
-0.000426677
  6.0043e-05
 0.000114602
-0.000890087
-0.000457056
-0.000595228
 0.000370711
  0.00027236
 -0.00019733
-0.000160958
 0.000118685
-0.000304704
-0.000396818
-0.000959286
 0.000181574
 0.000105805
-0.000344664
 0.000316482
-0.000203136
-0.000264546
  0.00112371
 0.000121049
  7.0537e-05
 0.000244942
 -0.00124707
-0.000135424
 0.000380448
 0.000192331
 8.06994e-05
-0.000190334
 0.000163295
-0.000594024
 0.000466529
 -0.00030318
-0.000428591
 5.37996e-05
 0.000110469
-0.000128496
  0.00034997
 0.000311019
 0.000354692
 0.000827896
 3.58664e-05
 7.36463e-05
-8.56639e-05
  0.00145402
-0.000349466
 0.000236461
 -0.00121131
 2.39109e-05
-0.000188261
-5.71093e-05
 -0.00147206
-0.000789789
 0.000157641
-0.000157924
-0.000540871
-0.000362867
 0.000199286
  0.00217211
 3.02859e-05
 -0.00221496
 0.000451529
-0.000360581
 -4.5521e-06
 0.000132857
 -0.00123069
 0.000577003
 0.000286601
  0.00030102
 0.000316425
 0.000234324
-0.000148787
-0.000549195
-0.000728956
 0.000747879
-0.000356132
  0.00021095
 0.000359667
-0.000336551
  0.00156665
 7.08416e-05
   0.0010554
-0.000887035
 0.000697445
-0.000201032
 1.29919e-05
 -0.00115961
  0.00060404
-0.000410025
  5.8257e-05
 -0.00064866
 0.000103338
  0.00024602
 0.000447627
 0.000402693
 0.000283462
  0.00059565
 -0.00043244
 6.88919e-05
 0.000164013
-0.000651018
 0.000268462
-0.000367837
-0.000159712
 -0.00149472
 4.59279e-05
 0.000109342
 4.07061e-05
 0.000178975
 0.000868399
 0.000450337
 0.000766758
 -0.00020674
-0.000164464
 -0.00166828
-0.000437495
  0.00122855
 0.000857037
 0.000511172
 0.000302983
 0.000127716
  0.00105795
 0.000914762
 -0.00215063
-0.000542266
 0.000340781
-0.000238821
-0.000152215
   0.0007053
  0.00116665
 0.000329483
-0.000361511
 0.000227188
 7.81449e-05
 0.000135882
 -0.00169994
 0.000777769
-0.000337157
 0.000872617
-0.000405354
-0.000185262
 -0.00038413
  0.00127421
 -0.00180154
-0.000874385
 2.49326e-05
 0.000286576
 0.000113851
-1.87275e-05
 -0.00108331
-0.00120102
6.66905e-05
-0.00054019
-0.00101538
 0.00051671
-1.2485e-05
0.000498497
 0.000312941
 0.000601272
 -0.00100974
-2.73028e-05
-9.63362e-05
-0.000483041
  0.00104441
 0.000858241
-0.000155964
 0.000533265
  0.00109542
-0.000301583
  0.00015269
 0.000458913
-7.74532e-05
  0.00100965
-0.000201302
 0.000730281
 0.000239754
 0.000339153
-0.000168776
-0.000608447
 0.000116287
 0.000422611
 0.000486854
-4.36145e-05
 0.000463461
-0.000587235
-0.000405632
 7.75245e-05
 0.000281741
-0.000789054
-0.000266435
-0.000165744
 0.000557946
 0.000936005
 0.000608495
 0.000187827
   0.0011444
 5.97354e-05
-0.000347855
 -0.00156082
 0.000624003
 0.000405663
-0.000431594
-0.000350691
 3.98236e-05
 5.45559e-06
  0.00187558
-0.000233612
-0.000843182
-0.000937343
-0.000233794
 -0.00021081
 3.63706e-06
-0.000207675
 0.000493873
-0.000562121
  0.00113834
 0.000400949
 -0.00014054
 2.42471e-06
 -0.00112179
-0.000320365
-0.000374747
-0.000354729
-0.000846324
 0.000584475
 0.000238975
-1.87772e-06
-0.000213577
  0.00030698
-0.000236486
-7.40427e-06
-5.11594e-05
 -7.8042e-05
-0.000747237
 0.000507229
 -0.00100177
 0.000399155
-0.000561748
 0.000169344
  0.00042269
  0.00119726
-0.000311461
  0.00109539
-0.000290709
-0.000374499
-0.000327913
-0.000192925
 8.60985e-05
 -0.00132126
 -0.00103298
 -0.00084342
 0.000307146
-0.000455968
 0.000108743
 0.000532117
 0.000232781
-3.90381e-05
  8.7334e-05
 0.000204764
 0.000170739
-0.000402223
-0.000594691
 0.000155187
   0.0010876
  0.00182146
-0.000420303
 0.000317277
 0.000206569
 7.82571e-05
 0.000103458
-0.000388558
 0.000564693
  0.00027661
-0.000466651
-9.96461e-05
  0.00028953
 6.89721e-05
-0.000259039
-0.000737162
 0.000741219
-7.37414e-05
-0.000541149
-0.000519057
 0.000695595
-0.000822306
 6.53707e-05
-0.000619478
 0.000188198
 0.000113952
  0.00134938
-0.000185884
 0.000658222
-0.000513231
-0.000412985
 0.000328916
 7.59681e-05
 -0.00177918
-0.000123922
 0.000995626
-0.000991768
-0.000924938
-0.000221532
 0.000525363
 3.45856e-05
 -8.2615e-05
-0.000449873
-0.000661179
 0.000589801
-0.000588498
 0.000112883
-0.000485569
-0.000611889
 -0.00150634
 0.000208828
-0.000163611
 4.84777e-05
 7.52555e-05
 0.000184913
-0.000407926
  0.00075901
 0.000696031
  0.00100455
 0.000269677
-0.000187189
 0.000835352
 0.000284861
-0.000700419
-9.27915e-05
   0.0006697
-0.000294933
-0.000124792
-0.000663801
  0.00139633
-0.000466946
  0.00105176
-0.000110345
-0.000196622
 0.000154164
  6.6092e-05
-0.000832349
 0.000338317
  0.00135079
-7.35636e-05
 0.000343637
-0.000134583
-0.000464565
 0.000651527
 0.000225544
-0.000862712
-4.90424e-05
 0.000432542
 0.000384996
  0.00189434
-0.000215263
 0.000150363
-0.000575141
-3.26949e-05
 8.49105e-05
  1.9305e-05
 0.000279547
-0.000143509
-0.000549372
-0.000383427
-2.17966e-05
-0.000180752
-0.000224489
-0.000525712
  0.00111075
 0.000283366
  0.00150762
-0.000571343
-0.000120501
-0.000149659
 0.000124243
  0.00018369
 0.000188911
-0.000201346
-0.000380895
 0.000360475
 0.000374945
 -0.00137523
-0.000527154
 0.000682752
 0.000422581
 0.000302882
 0.000477676
-0.000224755
 0.000778599
-0.000351436
  0.00101198
-0.000275091
 0.000201921
-0.000359718
-0.000149836
 -0.00117636
 0.000415323
 -0.00043897
 -0.00138982
-0.000422198
-0.000239812
 0.000374827
  0.00114854
-0.000929544
 0.000264165
-0.000926547
-0.000281465
 0.000280935
 0.000249885
 -0.00140444
-0.000619696
 -0.00103032
 3.19162e-05
 0.000369168
 -0.00025352
  0.00016659
 0.000284408
 -0.00041313
-0.000686877
 2.12774e-05
  -0.0003107
 6.83459e-05
-0.000363658
 -0.00126846
 0.000281392
 0.000191696
-0.000635429
-0.000207133
 4.55639e-05
-5.07975e-06
 0.000612424
-0.000369218
 0.000684609
 0.000782807
-0.000138089
 0.000233826
 -3.3865e-06
  0.00257842
 0.000310667
-0.000100406
-3.49409e-05
-9.20592e-05
-4.75662e-05
-0.000239617
 -0.00143454
 0.000207111
  0.00225311
-0.000672908
-0.000710987
-0.000506429
-0.000159744
  0.00148505
-0.000418738
 -0.00146759
 -0.00100542
  0.00128925
 -0.00010026
-0.000106496
-0.000976655
 0.000277653
-0.000328779
-0.000113466
  0.00141631
-6.68401e-05
  0.00040372
 0.000332241
 -0.00037171
 0.000894438
-7.56441e-05
-0.000726229
 0.000192799
-0.000205571
  0.00120484
-0.000247806
 0.000596292
 0.000599185
 -0.00113377
 0.000128533
-0.000137047
-0.000417478
  0.00104122
 -0.00136571
 0.000956268
-0.000755845
-0.000389029
-0.000328724
 0.000433758
 -0.00106909
 0.000852765
-0.000568914
-0.000503896
 0.000215365
-0.000219149
 -0.00188097
-0.000712727
 -0.00119473
  0.00082715
 0.000870495
 0.000347027
 0.000328618
  0.00166215
0.000638473
0.000409941
0.000551433
 2.3518e-05
2.79009e-05
 -1.828e-05
-0.00180803
-0.000131163
-0.000283518
 0.000367622
 1.56787e-05
-0.000218758
-0.000249546
 0.000964788
  0.00046937
 0.000924612
-0.000961344
 1.04525e-05
 0.000294971
-0.000166364
 0.000914459
-0.000243899
 5.95959e-05
  0.00056553
 6.96831e-06
-6.80348e-06
 0.000363809
 -0.00206913
  0.00104383
 3.97306e-05
-0.000179792
 4.64554e-06
-4.53565e-06
 0.000479898
 0.000316004
 4.62705e-05
-0.000530325
  0.00043695
 3.09703e-06
-3.02377e-06
 8.25731e-05
-0.000535316
-0.000525965
 0.000203262
-0.000265512
 0.000558877
-0.000239375
 -0.00018231
 0.000626467
-0.000350643
 0.000135508
-0.000177008
 0.000372584
 0.000518585
 -0.00012154
-5.70733e-05
  0.00032305
 -0.00111609
-0.000118005
  0.00024839
 -9.5086e-05
-8.10268e-05
  0.00019931
-0.000341445
-9.44442e-05
-7.86701e-05
-0.000391219
-0.000538109
 0.000183341
-0.000341845
 -0.00022763
 0.000493849
 0.000504365
 0.000295999
 0.000319429
 0.000122227
-0.000973882
 0.000405058
 -0.00143401
 0.000336243
 0.000197333
-0.000465215
-0.000393233
  0.00179215
 0.000919653
 0.000250423
 0.000224162
-0.000425257
 0.000368025
-2.47964e-05
 -0.00195872
 -0.00179975
 -0.00103948
 -0.00040737
 0.000273308
 -0.00019546
-1.65309e-05
  0.00110169
 6.59265e-06
  0.00107025
 0.000285232
-0.000374607
 0.000107053
 0.000226338
 0.000971817
  4.3951e-06
  0.00015669
-0.000366657
 0.000307074
 7.13683e-05
 0.000150892
 -0.00152226
  0.00120936
  0.00010446
 -0.00145086
 0.000761528
 4.75789e-05
-0.000374123
  0.00190128
-0.000957001
-0.000579974
 0.000795995
-4.91267e-05
 3.17193e-05
 0.000225303
-0.000936525
  0.00112524
-0.000386649
  0.00108748
-0.000589563
 0.000224597
 0.000387561
 0.000596353
-0.000456268
  0.00094866
 0.000724984
 0.000720582
  0.00038709
-0.000216344
-0.000314508
-0.000304178
-0.000573986
 -0.00127992
 -7.6424e-05
-0.000182749
 0.000330488
  0.00101103
-0.000202786
-0.000382657
-0.000203663
-5.09494e-05
-0.000121833
-0.000491751
-7.19645e-05
 0.000421622
 0.000951321
 0.000421037
-3.39662e-05
 -0.00055594
-9.04752e-05
-0.000285335
  0.00148751
 0.000634214
-0.000276121
-2.26442e-05
 0.000307542
-6.03168e-05
 0.000284494
-0.000214755
-0.000134003
-0.000184081
-0.000571908
 1.57737e-06
 0.000197148
 -0.00150576
 -0.00014317
 0.000467477
 0.000434092
 0.000732352
 1.05158e-06
-0.000105927
  0.00191229
 -0.00120907
-0.000894775
-0.000267418
-6.85774e-05
-0.000236658
 0.000166741
-0.000657923
 0.000957191
-0.000596516
-0.000178278
 -0.00060253
 0.000283038
 0.000111161
-0.000675974
 0.000638127
-0.000397678
  0.00043796
 0.000711937
-0.000489477
 0.000786184
-0.000213291
-0.000224196
 0.000384496
 0.000291973
 -0.00184543
   0.0001484
-0.000900031
-0.000142194
-0.000149464
 0.000813142
 0.000194649
 0.000532954
 9.89334e-05
-0.000125303
  0.00085464
-0.000656455
-1.47171e-05
 0.000686578
 0.000912115
 6.59556e-05
 0.000153824
 9.50421e-05
-0.000437636
 0.000547001
-0.000655905
 5.12647e-05
 4.39704e-05
 -0.00013481
  0.00030072
-0.000291758
 0.000921479
 -0.00108688
 3.41764e-05
-0.000445404
-8.98732e-05
 -0.00149494
-0.000194505
-0.000499305
 0.000481836
 2.27843e-05
 0.000177782
-0.000297274
-0.000250642
 0.000427142
 0.000780754
-0.000885202
 1.51895e-05
 0.000118521
 0.000276535
   0.0010197
  0.00149119
-3.63092e-05
  0.00182272
 1.01264e-05
-0.000158345
 -0.00052772
 -0.00196506
-0.000769113
-0.000581018
-0.000548093
-0.000550061
 0.000131796
-0.000114455
   0.0020808
 4.40699e-05
 0.000169467
 0.000191417
-0.000366707
 8.78638e-05
 0.000398415
 -0.00129156
 2.93799e-05
  0.00066979
-0.000429201
-0.000244472
 5.85759e-05
  2.8251e-05
 0.000122303
 1.95866e-05
 0.000446526
-0.000286134
 0.000393831
 0.000683311
-0.000218525
-0.000427091
 0.000662672
-0.000259128
 0.000922868
-0.000294258
 -0.00018872
-0.000145683
-0.000284727
-0.000207833
-0.000172752
 5.84334e-05
-0.000196172
-0.000125813
 0.000140237
  8.1449e-05
-0.000138555
 -0.00067198
 3.89556e-05
 0.000426031
-8.38754e-05
  0.00033085
 5.42994e-05
-9.23701e-05
-0.000447987
 2.59704e-05
 0.000840832
-0.000293276
 0.000220567
-0.000235068
-6.15801e-05
 0.000258154
 1.73136e-05
 3.74295e-06
 4.18417e-05
 0.000147044
 -0.00063143
 -0.00115468
 0.000172103
 -0.00054527
-0.000554317
 2.78945e-05
 9.80297e-05
  0.00202045
-0.000212973
-0.000442077
-0.000363513
 0.000744079
-0.000456122
-0.000409365
-0.000111093
  0.00041483
-0.000294718
  0.00031447
 -6.0759e-05
-6.67221e-05
 0.000201808
 0.000638015
 0.000926167
 0.000917145
-0.000347165
-0.000597318
 0.000192878
 0.000371898
 0.000933969
-3.21691e-05
 5.46183e-05
  0.00088218
 0.000715412
 0.000128585
 1.05728e-05
 -0.00110668
-2.14461e-05
 0.000593224
 3.13083e-05
-7.98707e-05
-0.000151636
-0.000467669
 0.000482914
-1.42974e-05
-0.000718141
 2.08722e-05
 0.000503565
 0.000577078
 0.000162938
 -0.00089876
 0.000640082
 -0.00168519
-0.000542897
 -0.00142753
 -0.00029345
-0.000128733
  0.00136751
 0.000426722
 8.29681e-05
 0.000194881
-0.000302071
-0.000195633
 0.000151537
 -0.00105501
-0.000921945
 5.53121e-05
 -0.00107651
 0.000912243
 0.000310387
 0.000338383
 0.000754721
-5.78179e-05
   0.0011505
-6.80564e-05
   5.135e-05
-0.000471243
-0.000249129
 -0.00214171
 0.000611069
 0.000210187
 0.000511441
-0.000522579
-0.000314162
  7.1273e-05
 0.000267615
 0.000407379
-0.000416687
  0.00154739
-0.000348386
 0.000265276
 4.75153e-05
  0.00163647
 -0.00093484
  0.00027902
-0.000174835
 0.000881367
 0.000176851
 0.000269036
 -0.00111307
-6.64146e-05
-0.000370798
 0.000440255
-0.000526046
 0.000117901
 -0.00053272
  0.00122464
 0.000605338
 0.000309613
 -0.00082012
-0.000350697
-0.000158759
 0.000119571
  -0.0009129
 0.000403558
 0.000206409
-0.000546747
 0.000879826
  0.00013152
-0.000157645
 -0.00132068
  -0.0014942
 0.000137606
 0.000192314
-0.000527073
 8.76799e-05
-0.000105096
  0.00156096
-0.000439321
 9.17372e-05
 -0.00107822
-0.000351382
-0.000178906
 0.000167295
-0.000926052
 0.000263932
 -0.00114527
-6.91971e-05
 0.000322557
 0.000321539
  0.00011153
 0.000840694
 0.000175954
 0.000999726
-4.61314e-05
 0.000215038
 1.09088e-05
 7.43532e-05
 -0.00113496
-0.000439509
 0.000666484
-3.07543e-05
 -0.00106307
 7.27255e-06
 0.000286928
-1.06535e-05
 0.000263806
 -0.00187573
-0.000670117
 0.000497714
 4.84837e-06
-4.60738e-05
 -0.00122781
 0.000825485
 0.000512753
 0.000759681
-0.000874616
 3.23225e-06
-0.000268075
 0.000639525
 -0.00121291
-0.000214977
 -0.00125678
  0.00118016
 2.15483e-06
-0.000178717
  0.00164705
 -0.00080861
-0.000792932
  0.00036857
 -0.00032685
 1.43655e-06
 0.000118215
 -0.00181809
0.000574551
 0.00123462
0.000802525
0.000338912
9.57703e-07
0.000316169
  0.0014328
 0.000383034
-0.000290546
-0.000671409
-0.000330871
 6.38468e-07
-2.65798e-05
-0.000231596
-0.000301456
-0.000843311
 0.000202008
 0.000336231
 4.25646e-07
 0.000219639
 8.29614e-05
 0.000355841
 0.000644218
 0.000691484
-0.000332658
 2.83764e-07
-9.09329e-05
  0.00198809
-0.000319584
 0.000986291
   0.0010178
  0.00033504
 1.89176e-07
-6.06219e-05
 0.000342048
  0.00099337
 0.000100715
 -0.00043509
-0.000333452
-0.000237233
-0.000277774
 0.000228032
 -0.00110099
 0.000623955
 -0.00029006
-0.000871915
-0.000158155
-0.000185182
-0.000797415
  0.00102924
-0.000140842
 0.000363439
  0.00173877
 0.000335373
 0.000113904
 0.000689093
 3.65484e-05
-9.38944e-05
-0.000314519
-0.000511254
 2.01312e-05
 0.000313295
 -0.00126993
  0.00067398
-6.25963e-05
 -0.00020968
 -0.00099045
 0.000216871
 0.000208863
 0.000136722
-0.000757106
 -0.00124816
  -0.0007894
 0.000546126
-5.88696e-05
-0.000335476
 0.000837133
 0.000701688
 0.000374321
 0.000123347
-0.000192728
 0.000164204
 -0.00022365
 -0.00164596
 0.000467792
  0.00080636
 0.000639043
-0.000128485
 -0.00033134
  -0.0001491
   0.0013441
 -0.00145138
 -0.00122566
-0.000780397
-0.000735271
 1.64656e-05
 0.000137959
-0.000561995
  0.00014604
 -0.00137392
-0.000520265
 0.000716245
 0.000214428
 9.19725e-05
-0.000137304
 0.000746974
  0.00084729
 0.000859583
 -7.9315e-05
-0.000738667
-0.000176044
 0.000383182
 -0.00126526
  0.00056486
 1.62432e-05
 0.000503935
-5.16353e-05
-0.000117363
-0.000965249
  0.00027012
-0.000829853
 1.08288e-05
 0.000335957
 0.000406386
 0.000159117
-0.000134873
 0.000829694
 9.63789e-05
-0.000642395
-0.000332841
 6.74734e-05
-0.000131281
-0.000598542
 0.000553129
-0.000585361
  0.00133497
 -0.00142832
 4.49823e-05
 0.000387197
   0.0013303
-0.000837673
 0.000259373
-0.000873255
 0.000254213
 2.99882e-05
 0.000258132
 -0.00202926
-1.63667e-06
 0.000172915
 -0.00058217
 0.000169475
-0.000217367
-0.000539989
 0.000105225
-1.09111e-06
 0.000672089
 0.000261501
 0.000669795
 0.000295898
 0.000114725
  0.00125694
-0.000557539
-0.000758367
 -0.00047528
  0.00044653
-0.000243544
-0.000160876
 -0.00109482
 0.000185119
 0.000144036
 0.000889572
-0.000908739
-0.000162363
 0.000130109
 0.000965543
-0.000433399
 9.60241e-05
 3.62364e-05
   0.0006006
-0.000108242
 -0.00015062
 -0.00030574
 0.000267879
 -0.00114241
  0.00058097
-0.000156412
 0.000165198
-0.000100413
-0.000203827
   0.0008282
 0.000444819
 0.000387313
-0.000104275
 0.000313582
-0.000304301
  0.00132218
-0.000654293
-0.000353068
-0.000298603
 -0.00071913
 5.60439e-06
-0.000202867
 -0.00057661
 0.000120617
 0.000414235
-0.000199069
 0.000727006
 0.000207187
 0.000102114
 0.000802388
-0.000476401
 0.000832969
-0.000132713
-7.21415e-05
 -6.5326e-05
 0.000305435
-0.000923137
-0.000874412
-1.49933e-06
 0.000468337
 0.000508718
-4.35507e-05
 0.000440982
 0.000605279
 0.000530682
-0.000650613
-0.000244587
 0.000339145
-0.000503752
 5.66292e-05
 -0.00176662
-0.000203024
 0.000215872
  0.00160018
 0.000226097
-9.84755e-05
-0.000199606
  0.00173838
-0.000135349
 0.000700726
-0.000139639
 -0.00105569
 0.000171709
-0.000133071
 0.000650292
  0.00111619
  0.00102396
 -9.3093e-05
-5.41826e-05
 0.000317923
-8.87138e-05
 -0.00173661
-0.000462297
 0.000682642
  0.00049475
-3.61217e-05
-0.000228861
 0.000178216
 0.000775039
 0.000898228
 -0.00130814
 0.000329833
 0.000532731
-0.000152574
-0.000118548
 -0.00141609
 0.000598819
-0.000222482
-0.000336923
 0.000355154
-0.000101716
 -7.9032e-05
 0.000751363
-0.000250402
-0.000148321
 -0.00143104
 0.000236769
-6.78106e-05
 -5.2688e-05
 0.000975627
