 6.93889e-18
    -32.5675
   -0.373242
     22.2433
    0.682387
     2.22387
-0.000193862
 5.20417e-18
    -32.5676
   -0.373233
     22.2432
    0.682388
     2.22387
-0.000193864
 4.25007e-17
    -32.5676
   -0.373227
     22.2432
    0.682387
     2.22387
-0.000193882
-7.80626e-18
    -32.5676
   -0.373225
     22.2432
    0.682387
     2.22386
-0.000193885
-9.45424e-17
    -32.5677
   -0.373254
     22.2432
    0.682385
     2.22386
-0.000193925
 5.20417e-17
    -32.5675
   -0.373246
     22.2432
    0.682386
     2.22387
-0.000193891
-1.21431e-17
    -32.5676
   -0.373238
     22.2432
    0.682387
     2.22387
-0.000193875
-2.34188e-17
    -32.5676
   -0.373247
     22.2432
    0.682385
     2.22386
-0.000193921
 -2.1684e-17
    -32.5675
   -0.373229
     22.2432
    0.682387
     2.22387
-0.000193877
 4.33681e-18
    -32.5676
   -0.373235
     22.2432
    0.682386
     2.22386
-0.000193905
-5.37764e-17
    -32.5675
   -0.373229
     22.2432
    0.682386
     2.22387
-0.000193887
-3.20924e-17
    -32.5676
   -0.373241
     22.2432
    0.682386
     2.22386
-0.000193894
-4.59702e-17
    -32.5676
    -0.37324
     22.2432
    0.682387
     2.22387
-0.000193881
1.12757e-17
   -32.5675
  -0.373217
    22.2433
   0.682388
    2.22387
-0.00019385
 1.99493e-17
    -32.5676
   -0.373246
     22.2432
    0.682384
     2.22386
-0.000193924
2.60209e-18
   -32.5675
  -0.373242
    22.2432
   0.682387
    2.22387
-0.00019387
 6.93889e-18
    -32.5676
   -0.373255
     22.2432
    0.682385
     2.22386
-0.000193915
-9.54098e-18
    -32.5676
   -0.373244
     22.2432
    0.682385
     2.22386
-0.000193912
-1.38778e-17
    -32.5675
   -0.373235
     22.2432
    0.682387
     2.22386
-0.000193883
 3.03577e-17
    -32.5676
   -0.373247
     22.2432
    0.682386
     2.22386
-0.000193904
  -6.245e-17
    -32.5676
   -0.373248
     22.2432
    0.682386
     2.22386
-0.000193901
-5.55112e-17
    -32.5676
   -0.373247
     22.2432
    0.682386
     2.22386
-0.000193911
 2.08167e-17
    -32.5675
   -0.373239
     22.2433
    0.682388
     2.22387
-0.000193854
-6.93889e-18
    -32.5676
   -0.373249
     22.2432
    0.682386
     2.22386
-0.000193907
-2.86229e-17
    -32.5676
   -0.373244
     22.2432
    0.682387
     2.22387
-0.000193881
-4.42354e-17
    -32.5676
   -0.373245
     22.2432
    0.682385
     2.22386
-0.000193913
-5.81132e-17
    -32.5675
   -0.373232
     22.2433
    0.682387
     2.22387
-0.000193849
 6.07153e-18
    -32.5675
   -0.373225
     22.2432
    0.682385
     2.22386
-0.000193916
-6.07153e-18
    -32.5675
   -0.373247
     22.2432
    0.682387
     2.22386
-0.000193884
-3.72966e-17
    -32.5675
   -0.373238
     22.2432
    0.682385
     2.22386
-0.000193926
-3.72966e-17
    -32.5676
    -0.37325
     22.2432
    0.682386
     2.22387
 -0.00019388
-7.89299e-17
    -32.5676
   -0.373244
     22.2432
    0.682386
     2.22386
-0.000193896
-1.38778e-17
    -32.5675
   -0.373249
     22.2432
    0.682386
     2.22387
-0.000193887
-3.46945e-18
    -32.5675
   -0.373238
     22.2432
    0.682387
     2.22387
-0.000193878
 6.93889e-18
    -32.5676
   -0.373245
     22.2432
    0.682385
     2.22386
-0.000193919
 2.60209e-18
    -32.5675
   -0.373237
     22.2432
    0.682386
     2.22386
-0.000193898
-1.47451e-17
    -32.5676
   -0.373245
     22.2432
    0.682386
     2.22386
  -0.0001939
           0
    -32.5676
   -0.373262
     22.2432
    0.682386
     2.22386
-0.000193894
1.73472e-18
   -32.5676
  -0.373251
    22.2432
   0.682385
    2.22386
-0.00019392
-1.04951e-16
    -32.5675
   -0.373233
     22.2432
    0.682386
     2.22386
-0.000193887
-4.77049e-17
    -32.5676
   -0.373244
     22.2433
    0.682388
     2.22387
-0.000193853
           0
    -32.5676
   -0.373242
     22.2432
    0.682384
     2.22386
-0.000193939
 2.60209e-18
    -32.5676
   -0.373226
     22.2432
    0.682386
     2.22387
-0.000193889
-4.42354e-17
    -32.5676
   -0.373253
     22.2432
    0.682385
     2.22386
-0.000193907
-3.55618e-17
    -32.5675
   -0.373248
     22.2432
    0.682386
     2.22386
-0.000193892
  3.1225e-17
    -32.5674
    -0.37323
     22.2433
    0.682388
     2.22387
-0.000193845
 -5.9848e-17
    -32.5676
    -0.37324
     22.2432
    0.682387
     2.22387
-0.000193874
  2.1684e-17
    -32.5675
   -0.373243
     22.2433
    0.682387
     2.22387
-0.000193871
 1.21431e-17
    -32.5676
   -0.373261
     22.2432
    0.682384
     2.22386
-0.000193935
-2.77556e-17
    -32.5675
   -0.373227
     22.2432
    0.682386
     2.22386
 -0.00019389
-2.34188e-17
    -32.5675
   -0.373231
     22.2432
    0.682387
     2.22387
-0.000193881
-2.51535e-17
    -32.5675
   -0.373228
     22.2432
    0.682387
     2.22387
 -0.00019388
 1.56125e-17
    -32.5676
   -0.373239
     22.2433
    0.682387
     2.22387
-0.000193874
-2.86229e-17
    -32.5674
   -0.373219
     22.2433
    0.682388
     2.22387
-0.000193865
-1.30104e-17
    -32.5676
   -0.373244
     22.2433
    0.682388
     2.22387
-0.000193854
-2.42861e-17
    -32.5676
    -0.37324
     22.2432
    0.682386
     2.22386
-0.000193891
 2.60209e-17
    -32.5676
   -0.373242
     22.2432
    0.682386
     2.22386
-0.000193894
 1.82146e-17
    -32.5675
   -0.373232
     22.2432
    0.682386
     2.22386
-0.000193903
 6.93889e-18
    -32.5676
   -0.373249
     22.2432
    0.682385
     2.22386
-0.000193906
 7.80626e-18
    -32.5676
   -0.373249
     22.2432
    0.682386
     2.22386
-0.000193911
  7.1991e-17
    -32.5676
   -0.373247
     22.2432
    0.682386
     2.22386
-0.000193906
 2.68882e-17
    -32.5675
   -0.373229
     22.2432
    0.682387
     2.22386
-0.000193888
-7.80626e-18
    -32.5675
   -0.373235
     22.2432
    0.682387
     2.22387
-0.000193873
 -1.9082e-17
    -32.5676
   -0.373246
     22.2432
    0.682385
     2.22386
-0.000193909
-3.46945e-17
    -32.5676
   -0.373229
     22.2432
    0.682387
     2.22387
-0.000193868
-2.86229e-17
    -32.5676
   -0.373251
     22.2432
    0.682387
     2.22387
-0.000193866
6.93889e-18
   -32.5676
  -0.373241
    22.2432
   0.682385
    2.22386
-0.00019392
-5.20417e-18
    -32.5676
   -0.373248
     22.2432
    0.682386
     2.22386
-0.000193894
-2.94903e-17
    -32.5675
   -0.373238
     22.2432
    0.682386
     2.22386
 -0.00019391
-1.99493e-17
    -32.5676
   -0.373238
     22.2432
    0.682386
     2.22386
-0.000193907
1.21431e-17
   -32.5676
  -0.373242
    22.2432
   0.682386
    2.22386
 -0.0001939
-1.12757e-17
    -32.5676
    -0.37325
     22.2432
    0.682384
     2.22386
-0.000193927
-2.60209e-18
    -32.5675
   -0.373249
     22.2432
    0.682385
     2.22386
-0.000193933
 2.42861e-17
    -32.5676
   -0.373255
     22.2432
    0.682386
     2.22387
-0.000193893
 4.33681e-18
    -32.5676
   -0.373244
     22.2432
    0.682385
     2.22386
-0.000193915
-6.93889e-18
    -32.5677
   -0.373255
     22.2432
    0.682384
     2.22385
-0.000193962
-7.11237e-17
    -32.5676
   -0.373255
     22.2432
    0.682386
     2.22386
-0.000193903
-2.86229e-17
    -32.5675
   -0.373243
     22.2432
    0.682386
     2.22387
-0.000193878
 4.94396e-17
    -32.5676
   -0.373249
     22.2432
    0.682385
     2.22386
-0.000193916
 1.56125e-17
    -32.5675
   -0.373235
     22.2432
    0.682387
     2.22387
-0.000193873
-3.72966e-17
    -32.5675
    -0.37324
     22.2433
    0.682387
     2.22387
-0.000193877
-3.29597e-17
    -32.5676
   -0.373246
     22.2432
    0.682385
     2.22386
 -0.00019392
-2.42861e-17
    -32.5675
   -0.373228
     22.2432
    0.682387
     2.22387
-0.000193874
 1.73472e-18
    -32.5676
   -0.373248
     22.2432
    0.682386
     2.22386
-0.000193886
-1.73472e-17
    -32.5676
   -0.373253
     22.2432
    0.682386
     2.22386
-0.000193912
-1.30104e-17
    -32.5676
   -0.373242
     22.2432
    0.682386
     2.22386
-0.000193909
-3.81639e-17
    -32.5676
   -0.373243
     22.2432
    0.682386
     2.22386
-0.000193904
-2.60209e-17
    -32.5676
   -0.373255
     22.2432
    0.682385
     2.22386
-0.000193916
-3.98986e-17
    -32.5676
   -0.373251
     22.2432
    0.682387
     2.22387
-0.000193873
-4.33681e-18
    -32.5675
    -0.37325
     22.2432
    0.682386
     2.22386
-0.000193899
-4.42354e-17
    -32.5677
   -0.373262
     22.2432
    0.682383
     2.22385
-0.000193963
 6.93889e-18
    -32.5676
   -0.373236
     22.2432
    0.682385
     2.22386
-0.000193934
-1.64799e-17
    -32.5676
   -0.373255
     22.2432
    0.682384
     2.22386
-0.000193938
 7.80626e-18
    -32.5676
   -0.373245
     22.2432
    0.682385
     2.22386
-0.000193926
-1.56125e-17
    -32.5675
   -0.373241
     22.2433
    0.682387
     2.22387
-0.000193861
1.21431e-17
   -32.5676
  -0.373263
    22.2432
   0.682385
    2.22386
-0.00019392
-1.47451e-17
    -32.5676
   -0.373245
     22.2432
    0.682386
     2.22386
-0.000193901
 8.06646e-17
    -32.5675
   -0.373236
     22.2432
    0.682386
     2.22386
-0.000193908
 1.99493e-17
    -32.5675
   -0.373234
     22.2433
    0.682387
     2.22387
-0.000193869
  5.0307e-17
    -32.5676
   -0.373259
     22.2432
    0.682385
     2.22386
-0.000193934
-3.46945e-18
    -32.5676
   -0.373253
     22.2432
    0.682384
     2.22386
-0.000193936
-2.68882e-17
    -32.5676
   -0.373234
     22.2432
    0.682387
     2.22387
-0.000193872
-3.81639e-17
    -32.5676
   -0.373235
     22.2432
    0.682386
     2.22386
-0.000193893
-4.68375e-17
    -32.5676
    -0.37324
     22.2432
    0.682385
     2.22386
-0.000193931
-3.46945e-17
    -32.5675
   -0.373227
     22.2433
    0.682389
     2.22387
-0.000193831
-4.51028e-17
    -32.5675
   -0.373231
     22.2432
    0.682386
     2.22386
-0.000193897
 6.93889e-18
    -32.5676
   -0.373247
     22.2432
    0.682385
     2.22386
-0.000193909
-7.11237e-17
    -32.5675
   -0.373222
     22.2432
    0.682388
     2.22387
-0.000193869
-8.67362e-18
    -32.5676
   -0.373243
     22.2432
    0.682386
     2.22386
  -0.0001939
 2.68882e-17
    -32.5676
   -0.373249
     22.2432
    0.682384
     2.22385
-0.000193947
-3.03577e-17
    -32.5676
   -0.373243
     22.2433
    0.682387
     2.22387
-0.000193867
-2.51535e-17
    -32.5676
   -0.373247
     22.2432
    0.682386
     2.22386
-0.000193913
-4.33681e-18
    -32.5675
   -0.373235
     22.2432
    0.682388
     2.22387
-0.000193867
-7.11237e-17
    -32.5675
   -0.373236
     22.2433
    0.682388
     2.22387
-0.000193856
-7.02563e-17
    -32.5676
   -0.373233
     22.2432
    0.682386
     2.22386
-0.000193898
-2.08167e-17
    -32.5675
   -0.373236
     22.2432
    0.682387
     2.22387
-0.000193869
 2.77556e-17
    -32.5675
   -0.373223
     22.2433
    0.682388
     2.22387
-0.000193843
-2.25514e-17
    -32.5676
   -0.373242
     22.2432
    0.682386
     2.22387
-0.000193887
-1.56125e-17
    -32.5676
   -0.373242
     22.2432
    0.682386
     2.22386
-0.000193889
-2.08167e-17
    -32.5676
    -0.37323
     22.2432
    0.682388
     2.22387
-0.000193857
 1.73472e-17
    -32.5676
   -0.373235
     22.2432
    0.682387
     2.22386
-0.000193895
-5.29091e-17
    -32.5675
   -0.373228
     22.2433
    0.682387
     2.22387
 -0.00019387
-6.93889e-18
    -32.5677
    -0.37324
     22.2432
    0.682386
     2.22386
-0.000193915
-4.94396e-17
    -32.5676
    -0.37324
     22.2432
    0.682386
     2.22386
-0.000193906
-4.68375e-17
    -32.5675
    -0.37323
     22.2433
    0.682389
     2.22387
-0.000193834
 -2.1684e-17
    -32.5675
   -0.373244
     22.2432
    0.682386
     2.22387
-0.000193889
 1.47451e-17
    -32.5675
   -0.373227
     22.2432
    0.682386
     2.22386
-0.000193891
 4.33681e-18
    -32.5675
   -0.373217
     22.2433
    0.682388
     2.22387
-0.000193859
 1.38778e-17
    -32.5674
   -0.373205
     22.2433
    0.682389
     2.22387
-0.000193834
-1.99493e-17
    -32.5676
   -0.373233
     22.2432
    0.682386
     2.22386
-0.000193912
-3.81639e-17
    -32.5675
   -0.373225
     22.2433
    0.682388
     2.22387
 -0.00019386
-6.93889e-18
    -32.5675
   -0.373226
     22.2432
    0.682387
     2.22387
-0.000193878
-2.25514e-17
    -32.5676
   -0.373246
     22.2432
    0.682385
     2.22386
-0.000193921
 2.86229e-17
    -32.5675
   -0.373244
     22.2432
    0.682386
     2.22387
-0.000193881
-3.03577e-17
    -32.5676
   -0.373243
     22.2432
    0.682386
     2.22386
 -0.00019389
 5.20417e-18
    -32.5675
   -0.373241
     22.2432
    0.682386
     2.22386
-0.000193899
-2.68882e-17
    -32.5676
   -0.373253
     22.2432
    0.682387
     2.22386
-0.000193882
-4.42354e-17
    -32.5675
   -0.373232
     22.2432
    0.682386
     2.22386
-0.000193909
 1.82146e-17
    -32.5676
   -0.373251
     22.2432
    0.682384
     2.22385
-0.000193936
 8.67362e-18
    -32.5676
   -0.373227
     22.2432
    0.682386
     2.22386
-0.000193895
-1.73472e-17
    -32.5676
   -0.373237
     22.2432
    0.682384
     2.22385
-0.000193953
 3.98986e-17
    -32.5676
   -0.373237
     22.2432
    0.682385
     2.22386
-0.000193908
-5.20417e-18
    -32.5676
   -0.373231
     22.2432
    0.682387
     2.22387
-0.000193878
-7.80626e-18
    -32.5676
   -0.373253
     22.2432
    0.682385
     2.22386
 -0.00019392
 5.20417e-18
    -32.5674
   -0.373218
     22.2433
    0.682388
     2.22387
-0.000193842
-3.20924e-17
    -32.5675
   -0.373243
     22.2432
    0.682386
     2.22386
-0.000193889
-3.81639e-17
    -32.5676
   -0.373249
     22.2432
    0.682386
     2.22386
-0.000193893
 2.51535e-17
    -32.5676
   -0.373241
     22.2432
    0.682386
     2.22386
-0.000193904
 3.81639e-17
    -32.5676
   -0.373253
     22.2432
    0.682385
     2.22386
-0.000193908
-1.56125e-17
    -32.5676
   -0.373255
     22.2432
    0.682385
     2.22386
-0.000193927
  -6.245e-17
    -32.5675
   -0.373225
     22.2432
    0.682386
     2.22386
-0.000193906
-4.33681e-18
    -32.5675
    -0.37323
     22.2432
    0.682386
     2.22386
-0.000193895
 7.80626e-18
    -32.5675
    -0.37324
     22.2432
    0.682386
     2.22386
-0.000193897
-6.67869e-17
    -32.5675
   -0.373236
     22.2432
    0.682387
     2.22387
 -0.00019388
-6.07153e-18
    -32.5677
   -0.373255
     22.2432
    0.682384
     2.22385
-0.000193959
-5.72459e-17
    -32.5677
    -0.37326
     22.2432
    0.682385
     2.22386
 -0.00019392
 1.82146e-17
    -32.5676
   -0.373232
     22.2432
    0.682386
     2.22386
-0.000193912
-1.38778e-17
    -32.5676
   -0.373253
     22.2432
    0.682384
     2.22386
 -0.00019393
-5.81132e-17
    -32.5676
   -0.373248
     22.2432
    0.682385
     2.22386
-0.000193919
-5.20417e-18
    -32.5676
   -0.373224
     22.2432
    0.682386
     2.22386
-0.000193891
-3.81639e-17
    -32.5676
    -0.37324
     22.2432
    0.682385
     2.22386
-0.000193922
-5.20417e-18
    -32.5676
   -0.373248
     22.2432
    0.682385
     2.22386
-0.000193928
 6.07153e-18
    -32.5676
   -0.373244
     22.2432
    0.682386
     2.22386
-0.000193908
-1.73472e-18
    -32.5677
   -0.373268
     22.2432
    0.682384
     2.22385
-0.000193952
-3.20924e-17
    -32.5676
   -0.373249
     22.2432
    0.682385
     2.22386
-0.000193921
-2.34188e-17
    -32.5675
   -0.373241
     22.2432
    0.682386
     2.22386
-0.000193905
1.64799e-17
   -32.5676
   -0.37325
    22.2432
   0.682385
    2.22386
-0.00019392
 1.99493e-17
    -32.5676
   -0.373249
     22.2432
    0.682386
     2.22386
-0.000193896
 9.80119e-17
    -32.5675
   -0.373241
     22.2432
    0.682386
     2.22386
-0.000193888
-6.07153e-18
    -32.5675
   -0.373243
     22.2432
    0.682387
     2.22387
-0.000193879
-3.90313e-17
    -32.5676
   -0.373232
     22.2432
    0.682387
     2.22387
-0.000193868
 1.30104e-17
    -32.5676
   -0.373241
     22.2432
    0.682385
     2.22386
-0.000193914
 8.67362e-19
    -32.5676
   -0.373242
     22.2432
    0.682386
     2.22386
-0.000193893
-9.54098e-18
    -32.5676
   -0.373237
     22.2432
    0.682386
     2.22386
-0.000193902
-1.99493e-17
    -32.5676
   -0.373253
     22.2432
    0.682386
     2.22386
-0.000193912
-1.04083e-17
    -32.5676
   -0.373244
     22.2432
    0.682385
     2.22386
-0.000193914
-2.94903e-17
    -32.5677
   -0.373265
     22.2432
    0.682382
     2.22385
-0.000193986
-4.77049e-17
    -32.5675
   -0.373239
     22.2432
    0.682386
     2.22386
-0.000193886
 1.21431e-17
    -32.5676
   -0.373254
     22.2432
    0.682385
     2.22386
-0.000193919
  5.9848e-17
    -32.5676
   -0.373227
     22.2432
    0.682387
     2.22387
-0.000193885
  1.9082e-17
    -32.5676
   -0.373225
     22.2432
    0.682387
     2.22386
-0.000193891
-6.76542e-17
    -32.5676
   -0.373235
     22.2432
    0.682385
     2.22386
-0.000193913
 5.20417e-18
    -32.5676
   -0.373235
     22.2432
    0.682387
     2.22387
-0.000193871
 7.80626e-18
    -32.5675
   -0.373217
     22.2433
    0.682389
     2.22387
-0.000193846
 2.60209e-18
    -32.5676
   -0.373243
     22.2432
    0.682385
     2.22386
-0.000193909
-3.81639e-17
    -32.5676
   -0.373247
     22.2432
    0.682386
     2.22386
-0.000193892
 5.29091e-17
    -32.5676
   -0.373249
     22.2432
    0.682386
     2.22386
-0.000193911
-8.06646e-17
    -32.5676
   -0.373244
     22.2432
    0.682386
     2.22386
-0.000193906
-1.30104e-17
    -32.5675
   -0.373241
     22.2433
    0.682387
     2.22387
-0.000193869
           0
    -32.5676
   -0.373249
     22.2432
    0.682386
     2.22386
-0.000193891
-7.02563e-17
    -32.5674
   -0.373241
     22.2433
    0.682388
     2.22387
-0.000193847
 1.64799e-17
    -32.5675
   -0.373243
     22.2432
    0.682386
     2.22387
-0.000193887
-6.85216e-17
    -32.5676
   -0.373238
     22.2432
    0.682386
     2.22386
-0.000193898
 1.21431e-17
    -32.5676
   -0.373247
     22.2432
    0.682384
     2.22386
-0.000193932
-2.34188e-17
    -32.5676
   -0.373253
     22.2432
    0.682384
     2.22386
-0.000193939
 6.41848e-17
    -32.5676
   -0.373254
     22.2432
    0.682385
     2.22386
-0.000193927
 1.47451e-17
    -32.5675
   -0.373244
     22.2432
    0.682387
     2.22387
-0.000193886
-3.46945e-17
    -32.5676
   -0.373246
     22.2432
    0.682385
     2.22386
-0.000193907
 6.07153e-18
    -32.5675
   -0.373229
     22.2433
    0.682388
     2.22387
-0.000193848
-9.54098e-18
    -32.5676
   -0.373259
     22.2432
    0.682386
     2.22386
-0.000193899
-1.12757e-17
    -32.5676
   -0.373251
     22.2432
    0.682385
     2.22386
-0.000193924
-2.60209e-18
    -32.5676
   -0.373242
     22.2432
    0.682385
     2.22386
-0.000193909
-6.33174e-17
    -32.5675
   -0.373231
     22.2433
    0.682388
     2.22387
-0.000193857
-1.30104e-17
    -32.5675
   -0.373236
     22.2432
    0.682386
     2.22386
-0.000193896
-2.60209e-17
    -32.5676
   -0.373243
     22.2432
    0.682386
     2.22386
-0.000193916
-2.68882e-17
    -32.5675
   -0.373235
     22.2432
    0.682387
     2.22387
-0.000193869
-3.46945e-17
    -32.5676
   -0.373242
     22.2432
    0.682386
     2.22386
-0.000193905
-7.63278e-17
    -32.5676
   -0.373249
     22.2432
    0.682386
     2.22386
-0.000193896
 1.73472e-17
    -32.5676
   -0.373256
     22.2432
    0.682386
     2.22387
-0.000193877
-1.64799e-17
    -32.5676
   -0.373249
     22.2432
    0.682386
     2.22386
-0.000193911
-3.03577e-17
    -32.5676
   -0.373248
     22.2432
    0.682385
     2.22386
 -0.00019393
 5.11743e-17
    -32.5675
   -0.373236
     22.2432
    0.682387
     2.22387
-0.000193873
-2.51535e-17
    -32.5675
   -0.373231
     22.2432
    0.682387
     2.22386
-0.000193888
 3.64292e-17
    -32.5676
   -0.373262
     22.2432
    0.682384
     2.22385
-0.000193955
-5.20417e-17
    -32.5675
   -0.373221
     22.2433
    0.682388
     2.22387
 -0.00019385
-6.07153e-18
    -32.5675
   -0.373241
     22.2432
    0.682386
     2.22386
-0.000193892
-3.98986e-17
    -32.5675
   -0.373237
     22.2432
    0.682387
     2.22387
-0.000193874
-2.60209e-17
    -32.5675
   -0.373218
     22.2433
    0.682388
     2.22387
-0.000193844
 5.63785e-17
    -32.5675
   -0.373222
     22.2433
    0.682387
     2.22387
-0.000193863
-2.51535e-17
    -32.5676
   -0.373253
     22.2432
    0.682385
     2.22386
-0.000193911
 1.38778e-17
    -32.5675
    -0.37323
     22.2433
    0.682388
     2.22387
-0.000193861
 1.73472e-18
    -32.5676
   -0.373243
     22.2432
    0.682386
     2.22386
-0.000193889
-4.33681e-18
    -32.5676
   -0.373242
     22.2432
    0.682386
     2.22386
-0.000193895
-1.38778e-17
    -32.5676
   -0.373237
     22.2432
    0.682385
     2.22386
-0.000193918
-6.50521e-17
    -32.5675
   -0.373227
     22.2433
    0.682388
     2.22387
 -0.00019385
 2.25514e-17
    -32.5677
   -0.373253
     22.2432
    0.682384
     2.22386
-0.000193937
-4.59702e-17
    -32.5676
   -0.373243
     22.2432
    0.682386
     2.22386
-0.000193904
 4.33681e-18
    -32.5675
   -0.373251
     22.2432
    0.682386
     2.22386
-0.000193894
-3.46945e-17
    -32.5676
   -0.373234
     22.2432
    0.682387
     2.22387
-0.000193875
-2.25514e-17
    -32.5676
   -0.373238
     22.2432
    0.682386
     2.22386
-0.000193894
1.47451e-17
   -32.5675
  -0.373241
    22.2432
   0.682387
    2.22387
-0.00019388
-5.55112e-17
    -32.5676
   -0.373239
     22.2432
    0.682386
     2.22386
-0.000193894
-1.21431e-17
    -32.5676
   -0.373249
     22.2432
    0.682386
     2.22386
-0.000193901
-1.47451e-17
    -32.5676
   -0.373247
     22.2432
    0.682385
     2.22386
-0.000193914
-2.68882e-17
    -32.5674
    -0.37322
     22.2432
    0.682387
     2.22387
-0.000193879
 1.82146e-17
    -32.5676
    -0.37324
     22.2432
    0.682386
     2.22386
-0.000193911
-3.64292e-17
    -32.5677
   -0.373251
     22.2432
    0.682385
     2.22386
-0.000193928
-3.38271e-17
    -32.5677
   -0.373256
     22.2432
    0.682385
     2.22386
-0.000193913
-4.25007e-17
    -32.5676
   -0.373249
     22.2432
    0.682385
     2.22386
-0.000193912
-4.51028e-17
    -32.5677
   -0.373254
     22.2432
    0.682384
     2.22386
-0.000193932
-6.59195e-17
    -32.5675
   -0.373246
     22.2432
    0.682385
     2.22386
-0.000193929
-8.67362e-18
    -32.5677
    -0.37326
     22.2432
    0.682384
     2.22386
 -0.00019394
  2.1684e-17
    -32.5677
   -0.373256
     22.2432
    0.682385
     2.22386
-0.000193927
-8.67362e-18
    -32.5675
   -0.373225
     22.2433
    0.682388
     2.22387
-0.000193852
2.68882e-17
   -32.5676
  -0.373241
    22.2432
   0.682386
    2.22386
-0.00019389
-3.81639e-17
    -32.5675
    -0.37323
     22.2432
    0.682385
     2.22386
-0.000193922
-1.82146e-17
    -32.5675
    -0.37323
     22.2433
    0.682387
     2.22387
-0.000193867
-8.67362e-18
    -32.5675
   -0.373236
     22.2432
    0.682386
     2.22386
-0.000193903
 3.98986e-17
    -32.5676
   -0.373255
     22.2432
    0.682385
     2.22385
-0.000193943
-4.42354e-17
    -32.5676
   -0.373246
     22.2432
    0.682386
     2.22386
-0.000193897
-4.68375e-17
    -32.5677
   -0.373258
     22.2432
    0.682386
     2.22386
-0.000193897
-3.72966e-17
    -32.5676
   -0.373239
     22.2432
    0.682387
     2.22387
-0.000193871
           0
    -32.5676
   -0.373244
     22.2432
    0.682385
     2.22386
-0.000193934
 6.07153e-18
    -32.5677
   -0.373244
     22.2432
    0.682386
     2.22386
-0.000193894
-3.81639e-17
    -32.5676
   -0.373254
     22.2432
    0.682385
     2.22386
-0.000193914
 4.85723e-17
    -32.5675
   -0.373242
     22.2432
    0.682387
     2.22387
-0.000193886
-1.99493e-17
    -32.5676
   -0.373231
     22.2433
    0.682387
     2.22387
-0.000193869
 8.67362e-18
    -32.5675
   -0.373236
     22.2432
    0.682387
     2.22386
-0.000193878
-2.60209e-18
    -32.5676
   -0.373241
     22.2432
    0.682386
     2.22386
-0.000193895
 2.60209e-17
    -32.5675
   -0.373228
     22.2432
    0.682387
     2.22387
-0.000193858
3.98986e-17
   -32.5676
  -0.373248
    22.2432
   0.682385
    2.22386
-0.00019393
-2.94903e-17
    -32.5675
    -0.37324
     22.2433
    0.682387
     2.22387
-0.000193866
-1.82146e-17
    -32.5675
   -0.373243
     22.2432
    0.682387
     2.22386
-0.000193886
-2.60209e-17
    -32.5676
   -0.373239
     22.2432
    0.682385
     2.22386
-0.000193913
-3.46945e-18
    -32.5675
   -0.373233
     22.2432
    0.682386
     2.22387
-0.000193888
 2.42861e-17
    -32.5675
   -0.373243
     22.2433
    0.682387
     2.22387
-0.000193883
-5.89806e-17
    -32.5675
   -0.373239
     22.2432
    0.682386
     2.22386
-0.000193896
-4.33681e-18
    -32.5676
   -0.373246
     22.2432
    0.682386
     2.22386
-0.000193912
 2.34188e-17
    -32.5676
   -0.373254
     22.2432
    0.682384
     2.22386
-0.000193938
1.12757e-17
   -32.5675
  -0.373247
    22.2432
   0.682386
    2.22387
-0.00019389
-1.64799e-17
    -32.5674
   -0.373223
     22.2433
    0.682388
     2.22387
-0.000193858
-2.34188e-17
    -32.5676
   -0.373236
     22.2432
    0.682387
     2.22387
 -0.00019388
-1.04083e-17
    -32.5675
   -0.373233
     22.2433
    0.682388
     2.22387
-0.000193857
-4.16334e-17
    -32.5675
   -0.373219
     22.2433
    0.682387
     2.22387
-0.000193862
 2.51535e-17
    -32.5676
   -0.373225
     22.2432
    0.682387
     2.22387
-0.000193877
 2.60209e-18
    -32.5675
   -0.373243
     22.2432
    0.682387
     2.22387
-0.000193864
 -1.9082e-17
    -32.5675
   -0.373237
     22.2432
    0.682387
     2.22387
-0.000193873
  5.9848e-17
    -32.5675
   -0.373234
     22.2433
    0.682387
     2.22387
-0.000193866
-1.21431e-17
    -32.5675
   -0.373227
     22.2432
    0.682385
     2.22386
-0.000193914
-3.38271e-17
    -32.5675
   -0.373232
     22.2432
    0.682386
     2.22386
-0.000193882
-2.86229e-17
    -32.5676
   -0.373231
     22.2432
    0.682387
     2.22386
-0.000193886
 1.47451e-17
    -32.5676
   -0.373241
     22.2432
    0.682385
     2.22386
-0.000193915
-4.51028e-17
    -32.5675
    -0.37324
     22.2432
    0.682386
     2.22387
-0.000193887
-8.50015e-17
    -32.5676
   -0.373252
     22.2432
    0.682386
     2.22386
-0.000193895
 2.34188e-17
    -32.5675
   -0.373235
     22.2433
    0.682387
     2.22387
-0.000193854
-7.80626e-18
    -32.5675
   -0.373236
     22.2432
    0.682387
     2.22387
-0.000193876
-1.73472e-18
    -32.5675
   -0.373249
     22.2432
    0.682386
     2.22386
 -0.00019389
-6.245e-17
  -32.5676
 -0.373244
   22.2432
  0.682386
   2.22386
-0.0001939
 3.29597e-17
    -32.5675
   -0.373243
     22.2432
    0.682386
     2.22386
-0.000193895
 7.80626e-18
    -32.5677
   -0.373268
     22.2432
    0.682382
     2.22385
-0.000193987
-2.86229e-17
    -32.5675
   -0.373239
     22.2433
    0.682388
     2.22387
-0.000193853
-1.12757e-17
    -32.5676
    -0.37324
     22.2433
    0.682388
     2.22387
-0.000193844
 8.67362e-19
    -32.5677
   -0.373266
     22.2432
    0.682384
     2.22385
-0.000193948
-1.99493e-17
    -32.5677
   -0.373259
     22.2432
    0.682383
     2.22385
-0.000193969
 3.20924e-17
    -32.5675
   -0.373232
     22.2432
    0.682386
     2.22386
-0.000193916
-1.30104e-17
    -32.5676
   -0.373262
     22.2432
    0.682384
     2.22385
-0.000193953
 4.68375e-17
    -32.5675
   -0.373225
     22.2433
    0.682388
     2.22387
-0.000193851
 -1.9082e-17
    -32.5676
   -0.373236
     22.2432
    0.682386
     2.22386
-0.000193908
-3.20924e-17
    -32.5675
   -0.373236
     22.2432
    0.682386
     2.22386
-0.000193904
-4.42354e-17
    -32.5676
   -0.373261
     22.2432
    0.682385
     2.22386
 -0.00019393
-2.60209e-17
    -32.5676
   -0.373238
     22.2432
    0.682384
     2.22386
-0.000193924
 2.08167e-17
    -32.5676
   -0.373241
     22.2432
    0.682385
     2.22386
-0.000193904
 1.38778e-17
    -32.5675
   -0.373229
     22.2432
    0.682386
     2.22386
-0.000193888
-3.81639e-17
    -32.5676
   -0.373247
     22.2432
    0.682386
     2.22386
-0.000193902
-1.73472e-18
    -32.5676
   -0.373242
     22.2432
    0.682386
     2.22386
-0.000193905
 1.82146e-17
    -32.5675
   -0.373234
     22.2433
    0.682387
     2.22387
-0.000193868
-3.90313e-17
    -32.5675
   -0.373242
     22.2432
    0.682385
     2.22386
-0.000193919
 -2.1684e-17
    -32.5676
   -0.373238
     22.2432
    0.682386
     2.22386
-0.000193891
-1.73472e-18
    -32.5675
   -0.373217
     22.2433
    0.682388
     2.22387
-0.000193861
           0
    -32.5675
   -0.373229
     22.2432
    0.682387
     2.22386
-0.000193888
-6.76542e-17
    -32.5674
   -0.373227
     22.2433
    0.682388
     2.22387
-0.000193851
-3.03577e-17
    -32.5676
   -0.373237
     22.2432
    0.682386
     2.22386
-0.000193902
 5.20417e-17
    -32.5675
   -0.373241
     22.2432
    0.682387
     2.22387
-0.000193874
-6.07153e-18
    -32.5675
   -0.373254
     22.2433
    0.682387
     2.22387
-0.000193875
 5.20417e-17
    -32.5675
   -0.373231
     22.2433
    0.682388
     2.22387
-0.000193855
-1.82146e-17
    -32.5675
   -0.373226
     22.2432
    0.682387
     2.22387
-0.000193858
-2.94903e-17
    -32.5676
    -0.37324
     22.2432
    0.682387
     2.22387
-0.000193871
2.42861e-17
   -32.5675
  -0.373236
    22.2433
   0.682388
    2.22387
-0.00019385
 5.37764e-17
    -32.5675
   -0.373228
     22.2433
    0.682388
     2.22387
-0.000193866
-1.56125e-17
    -32.5676
   -0.373242
     22.2432
    0.682386
     2.22386
-0.000193905
-8.67362e-18
    -32.5676
   -0.373256
     22.2432
    0.682386
     2.22386
-0.000193913
 4.51028e-17
    -32.5676
   -0.373239
     22.2432
    0.682386
     2.22386
-0.000193894
 9.54098e-18
    -32.5676
   -0.373243
     22.2432
    0.682387
     2.22387
-0.000193883
  3.1225e-17
    -32.5675
   -0.373236
     22.2433
    0.682387
     2.22387
-0.000193861
-3.72966e-17
    -32.5675
   -0.373236
     22.2432
    0.682387
     2.22387
-0.000193866
-5.20417e-17
    -32.5675
   -0.373225
     22.2433
    0.682388
     2.22388
-0.000193831
 1.99493e-17
    -32.5675
    -0.37323
     22.2432
    0.682385
     2.22385
-0.000193935
-5.11743e-17
    -32.5676
   -0.373242
     22.2432
    0.682386
     2.22386
-0.000193895
-2.42861e-17
    -32.5676
   -0.373226
     22.2433
    0.682388
     2.22387
-0.000193857
-4.25007e-17
    -32.5676
   -0.373247
     22.2432
    0.682386
     2.22386
-0.000193896
-1.64799e-17
    -32.5676
   -0.373261
     22.2432
    0.682385
     2.22386
-0.000193923
-3.90313e-17
    -32.5676
    -0.37324
     22.2432
    0.682386
     2.22386
-0.000193905
-4.33681e-17
    -32.5676
   -0.373256
     22.2432
    0.682385
     2.22386
-0.000193913
-2.34188e-17
    -32.5676
   -0.373232
     22.2432
    0.682386
     2.22386
-0.000193912
2.08167e-17
   -32.5675
  -0.373236
    22.2432
   0.682386
    2.22386
 -0.0001939
 3.20924e-17
    -32.5676
   -0.373236
     22.2432
    0.682386
     2.22386
-0.000193902
-2.60209e-18
    -32.5676
   -0.373253
     22.2432
    0.682385
     2.22386
-0.000193926
-5.20417e-18
    -32.5676
   -0.373255
     22.2432
    0.682386
     2.22386
-0.000193905
 4.25007e-17
    -32.5676
   -0.373239
     22.2432
    0.682386
     2.22386
-0.000193915
 5.20417e-18
    -32.5676
   -0.373238
     22.2432
    0.682386
     2.22386
-0.000193908
 -5.9848e-17
    -32.5676
    -0.37323
     22.2432
    0.682387
     2.22387
-0.000193872
-5.29091e-17
    -32.5676
   -0.373229
     22.2433
    0.682387
     2.22387
-0.000193862
-3.38271e-17
    -32.5676
   -0.373235
     22.2432
    0.682386
     2.22386
-0.000193888
 5.46438e-17
    -32.5676
    -0.37324
     22.2432
    0.682386
     2.22386
-0.000193903
8.67362e-19
   -32.5676
  -0.373234
    22.2433
   0.682387
    2.22387
-0.00019388
-2.25514e-17
    -32.5676
   -0.373229
     22.2432
    0.682387
     2.22387
-0.000193876
 4.25007e-17
    -32.5676
   -0.373252
     22.2432
    0.682385
     2.22386
-0.000193914
-4.77049e-17
    -32.5676
   -0.373239
     22.2432
    0.682387
     2.22387
-0.000193874
 5.20417e-18
    -32.5676
   -0.373244
     22.2432
    0.682385
     2.22386
-0.000193921
-3.38271e-17
    -32.5676
   -0.373236
     22.2433
    0.682388
     2.22387
 -0.00019385
6.07153e-18
   -32.5674
  -0.373223
    22.2432
   0.682387
    2.22387
-0.00019388
-7.80626e-18
    -32.5675
   -0.373236
     22.2432
    0.682386
     2.22386
-0.000193892
-1.73472e-18
    -32.5676
   -0.373256
     22.2432
    0.682387
     2.22387
-0.000193872
-1.73472e-17
    -32.5677
   -0.373252
     22.2432
    0.682385
     2.22386
-0.000193928
 4.33681e-18
    -32.5676
   -0.373243
     22.2432
    0.682385
     2.22386
-0.000193915
 1.73472e-18
    -32.5676
   -0.373221
     22.2432
    0.682387
     2.22386
-0.000193885
 1.73472e-18
    -32.5676
   -0.373236
     22.2432
    0.682387
     2.22387
-0.000193868
 4.59702e-17
    -32.5676
   -0.373224
     22.2432
    0.682386
     2.22386
-0.000193897
 4.33681e-17
    -32.5676
   -0.373246
     22.2432
    0.682385
     2.22386
-0.000193909
-3.03577e-17
    -32.5676
   -0.373249
     22.2432
    0.682387
     2.22387
-0.000193882
-7.80626e-18
    -32.5676
   -0.373244
     22.2432
    0.682386
     2.22386
 -0.00019391
-3.64292e-17
    -32.5676
   -0.373249
     22.2432
    0.682385
     2.22386
-0.000193909
-8.67362e-18
    -32.5675
   -0.373234
     22.2433
    0.682388
     2.22387
-0.000193851
-3.38271e-17
    -32.5676
   -0.373255
     22.2432
    0.682385
     2.22386
-0.000193906
 1.56125e-17
    -32.5677
   -0.373263
     22.2432
    0.682383
     2.22385
-0.000193952
 3.46945e-18
    -32.5675
   -0.373239
     22.2433
    0.682388
     2.22387
-0.000193848
 1.99493e-17
    -32.5676
   -0.373239
     22.2432
    0.682385
     2.22386
-0.000193927
-1.73472e-18
    -32.5675
   -0.373246
     22.2433
    0.682387
     2.22387
-0.000193868
2.42861e-17
   -32.5675
  -0.373233
    22.2432
   0.682387
    2.22387
-0.00019387
-2.25514e-17
    -32.5676
   -0.373243
     22.2432
    0.682386
     2.22386
-0.000193898
5.20417e-18
   -32.5675
  -0.373247
    22.2432
   0.682386
    2.22386
-0.00019389
-7.11237e-17
    -32.5675
   -0.373229
     22.2433
    0.682388
     2.22387
-0.000193848
 6.07153e-18
    -32.5676
   -0.373236
     22.2432
    0.682386
     2.22386
-0.000193902
 2.60209e-18
    -32.5676
   -0.373243
     22.2432
    0.682386
     2.22386
-0.000193904
 1.21431e-17
    -32.5676
   -0.373249
     22.2432
    0.682384
     2.22386
-0.000193937
 4.33681e-18
    -32.5676
   -0.373255
     22.2432
    0.682384
     2.22385
-0.000193955
 2.25514e-17
    -32.5676
   -0.373245
     22.2433
    0.682387
     2.22387
-0.000193859
 8.67362e-18
    -32.5676
   -0.373243
     22.2432
    0.682386
     2.22386
-0.000193898
-1.82146e-17
    -32.5676
   -0.373247
     22.2432
    0.682385
     2.22386
-0.000193911
-6.33174e-17
    -32.5675
   -0.373241
     22.2433
    0.682388
     2.22387
-0.000193863
  3.1225e-17
    -32.5676
   -0.373249
     22.2432
    0.682386
     2.22386
-0.000193907
-5.11743e-17
    -32.5676
   -0.373251
     22.2432
    0.682385
     2.22386
-0.000193931
-3.46945e-17
    -32.5675
   -0.373236
     22.2432
    0.682386
     2.22386
-0.000193887
-1.56125e-17
    -32.5674
   -0.373227
     22.2433
    0.682389
     2.22387
-0.000193835
-2.68882e-17
    -32.5676
   -0.373242
     22.2432
    0.682385
     2.22386
-0.000193923
-3.64292e-17
    -32.5676
   -0.373249
     22.2432
    0.682386
     2.22386
-0.000193901
-1.82146e-17
    -32.5675
    -0.37323
     22.2433
    0.682388
     2.22387
 -0.00019385
 9.54098e-18
    -32.5675
   -0.373241
     22.2432
    0.682386
     2.22386
-0.000193894
-2.86229e-17
    -32.5675
   -0.373223
     22.2432
    0.682386
     2.22386
-0.000193892
  3.1225e-17
    -32.5675
   -0.373242
     22.2432
    0.682386
     2.22387
-0.000193882
 2.25514e-17
    -32.5675
    -0.37324
     22.2432
    0.682386
     2.22386
-0.000193905
 1.30104e-17
    -32.5676
    -0.37324
     22.2432
    0.682387
     2.22386
-0.000193885
 7.80626e-18
    -32.5675
   -0.373233
     22.2433
    0.682387
     2.22387
-0.000193866
-3.81639e-17
    -32.5675
   -0.373235
     22.2432
    0.682385
     2.22386
-0.000193909
 8.76035e-17
    -32.5675
   -0.373236
     22.2432
    0.682387
     2.22387
-0.000193884
-4.33681e-18
    -32.5674
   -0.373216
     22.2433
    0.682388
     2.22387
-0.000193857
 1.73472e-17
    -32.5675
   -0.373235
     22.2432
    0.682387
     2.22386
-0.000193895
-5.29091e-17
    -32.5675
   -0.373235
     22.2432
    0.682386
     2.22386
-0.000193899
-2.86229e-17
    -32.5675
   -0.373243
     22.2432
    0.682387
     2.22387
-0.000193876
 4.77049e-17
    -32.5676
   -0.373249
     22.2432
    0.682386
     2.22386
-0.000193905
 3.20924e-17
    -32.5676
   -0.373232
     22.2432
    0.682387
     2.22387
-0.000193866
 6.07153e-18
    -32.5675
   -0.373228
     22.2433
    0.682387
     2.22387
-0.000193864
4.77049e-17
   -32.5676
  -0.373218
    22.2432
   0.682387
    2.22387
-0.00019388
-1.47451e-17
    -32.5676
   -0.373241
     22.2432
    0.682385
     2.22386
-0.000193926
 1.21431e-17
    -32.5676
    -0.37325
     22.2432
    0.682385
     2.22386
-0.000193921
-6.93889e-18
    -32.5676
   -0.373239
     22.2432
    0.682385
     2.22386
-0.000193922
-3.98986e-17
    -32.5675
   -0.373218
     22.2433
    0.682388
     2.22387
-0.000193863
-1.04083e-17
    -32.5675
   -0.373236
     22.2432
    0.682387
     2.22387
-0.000193884
-3.29597e-17
    -32.5676
    -0.37325
     22.2432
    0.682386
     2.22386
-0.000193906
