  17.9437
 -88.6144
  15.6559
 -43.0739
-0.700073
 -44.0003
  35.4001
  17.9527
 -88.6278
  15.6281
 -43.0704
-0.711077
 -43.9997
  35.3533
  17.9501
 -88.6269
  15.6361
  -43.068
-0.697729
 -43.9957
  35.3847
 17.9214
-88.6263
 15.6415
-43.0578
-0.70277
-44.0003
 35.3649
  17.9478
 -88.6528
  15.6622
 -43.0681
-0.705636
 -43.9961
  35.3593
   17.947
 -88.6167
  15.6692
 -43.0665
-0.694078
 -43.9969
  35.3518
  17.9635
 -88.6098
  15.6454
 -43.0654
-0.703944
  -44.001
  35.3803
   17.949
 -88.6332
  15.6479
 -43.0561
-0.699674
 -43.9966
  35.3882
  17.9478
 -88.6037
  15.6411
 -43.0584
-0.707179
 -43.9972
  35.3488
  17.9556
 -88.6291
  15.6533
 -43.0599
-0.698738
 -43.9976
  35.4006
 17.9437
-88.6177
 15.6615
 -43.061
-0.69618
-43.9979
 35.3498
  17.9443
 -88.6385
  15.6586
 -43.0702
-0.701713
 -44.0017
  35.3713
  17.9532
 -88.6341
  15.6566
 -43.0764
-0.705426
  -43.997
  35.3823
  17.9419
 -88.6126
  15.6383
  -43.072
-0.704294
 -43.9939
  35.3708
  17.9432
 -88.6352
  15.6603
 -43.0422
-0.696275
 -44.0063
  35.3632
  17.9354
 -88.6233
  15.6579
 -43.0675
-0.708522
 -44.0001
  35.3727
  17.9472
 -88.6409
  15.6563
 -43.0575
-0.703265
 -44.0032
  35.3758
  17.9651
 -88.6357
  15.6465
 -43.0594
-0.702853
 -44.0017
   35.356
  17.9402
 -88.6152
   15.657
 -43.0606
-0.705691
  -43.997
  35.3937
   17.942
  -88.627
  15.6558
 -43.0614
-0.701377
 -43.9975
  35.3603
  17.9431
 -88.6349
  15.6547
 -43.0705
-0.704707
 -43.9979
   35.352
  17.9352
 -88.6317
   15.654
  -43.068
-0.700722
 -43.9945
  35.3802
  17.9469
 -88.6026
  15.6638
 -43.0749
-0.701157
 -43.9922
  35.3549
  17.9465
 -88.6285
  15.6504
 -43.0626
-0.697816
 -43.9942
  35.3824
  17.9277
 -88.6274
  15.6428
 -43.0713
-0.702828
 -43.9993
  35.3709
 17.9333
-88.6183
 15.6544
-43.0516
-0.69893
-44.0026
 35.3823
  17.9558
 -88.6105
  15.6455
 -43.0639
-0.703571
 -44.0085
  35.3484
  17.9337
 -88.6153
  15.6478
  -43.045
-0.699425
 -43.9943
  35.3817
   17.956
 -88.6284
   15.668
 -43.0695
-0.707013
 -43.9957
   35.378
   17.944
 -88.6272
  15.6447
 -43.0489
-0.691883
 -43.9966
   35.368
 17.9444
 -88.635
  15.656
-43.0806
-0.69831
-44.0045
 35.3949
  17.9447
 -88.6317
  15.6465
 -43.0663
-0.706765
 -43.9953
  35.3424
  17.9619
  -88.621
  15.6671
 -43.0653
-0.701555
 -43.9963
  35.3704
  17.9293
 -88.6223
   15.644
 -43.0646
-0.701689
 -44.0007
  35.3595
  17.9346
 -88.6234
  15.6553
 -43.0556
-0.701778
 -43.9963
   35.374
  17.9381
  -88.614
  15.6546
 -43.0481
-0.701838
 -44.0007
  35.3798
  17.9589
  -88.636
  15.6456
  -43.063
-0.705509
 -44.0036
  35.3587
  17.9459
 -88.6409
  15.6665
   -43.08
-0.704349
 -43.9983
  35.3805
  17.9356
 -88.6357
  15.6436
 -43.0574
-0.703575
 -43.9984
  35.3475
 17.9487
-88.6152
 15.6382
-43.0593
-0.70306
-43.9984
 35.3995
  17.9375
 -88.6087
  15.6601
 -43.0861
-0.699084
 -43.9985
  35.3566
  17.9585
  -88.641
  15.6405
 -43.0431
-0.700042
 -44.0021
  35.3795
  17.9457
 -88.6187
  15.6444
 -43.0681
-0.697049
 -43.9937
  35.3766
  17.9456
 -88.6293
  15.6743
  -43.048
-0.709037
 -44.0062
  35.3521
  17.9455
 -88.6194
  15.6673
 -43.0629
-0.706721
 -43.9928
   35.392
  17.9454
 -88.6028
  15.6527
 -43.0714
-0.698433
 -43.9983
  35.3587
  17.9454
 -88.6371
  15.6358
 -43.0772
-0.703239
 -43.9984
  35.3887
  17.9352
 -88.6246
  15.6682
 -43.0726
-0.699204
 -43.9948
  35.3569
  17.957
-88.6335
 15.6633
-43.0525
-0.69649
-43.9997
 35.3687
 17.9345
-88.6122
 15.6413
 -43.046
-0.70192
-44.0029
  35.347
  17.9381
  -88.608
  15.6453
 -43.0616
-0.705564
 -43.9942
   35.358
  17.9405
  -88.622
  15.6393
 -43.0621
-0.700754
 -43.9993
  35.4068
   17.925
 -88.6329
  15.6523
 -43.0794
-0.704787
 -43.9918
  35.3503
  17.9486
 -88.6118
  15.6523
  -43.057
-0.703867
  -43.994
  35.3871
  17.9474
 -88.6347
  15.6526
 -43.0945
-0.699623
 -44.0027
  35.3626
  17.9649
 -88.6314
  15.6527
 -43.0573
-0.700401
 -43.9977
  35.3726
  17.9344
 -88.6327
  15.6516
 -43.0593
-0.698217
 -44.0032
   35.392
  17.9479
 -88.6217
  15.6435
 -43.0421
-0.703095
 -44.0016
  35.3478
  17.9553
 -88.6313
  15.6636
  -43.049
-0.709484
 -44.0042
  35.3809
  17.9434
 -88.6293
  15.6698
 -43.0636
-0.700299
 -43.9951
  35.3776
  17.9441
 -88.6279
  15.6545
 -43.0719
-0.693612
 -43.9962
  35.3527
  17.9445
 -88.6085
  15.6538
 -43.0505
-0.710378
 -43.9933
  35.3738
  17.9448
 -88.6239
  15.6534
 -43.0731
-0.700894
 -44.0023
  35.3655
   17.945
 -88.6413
  15.6532
 -43.0698
-0.697641
  -44.001
  35.3891
  17.9351
 -88.6189
  15.6445
 -43.0676
-0.705824
 -44.0002
  35.3569
  17.9384
 -88.6295
  15.6742
 -43.0746
-0.704579
 -44.0033
  35.3947
  17.9407
  -88.628
  15.6404
 -43.0439
-0.700636
 -43.9981
  35.3495
  17.9519
 -88.6271
  15.6531
 -43.0601
-0.704213
 -44.0019
  35.3639
  17.9398
 -88.6179
  15.6446
 -43.0512
-0.700392
 -43.9935
  35.3958
    17.96
 -88.6288
  15.6472
  -43.065
-0.697306
 -43.9988
  35.3463
  17.9552
 -88.6276
  15.6491
 -43.0728
-0.698857
 -43.9951
  35.3881
  17.9432
 -88.6353
  15.6504
 -43.0694
-0.696259
 -44.0035
  35.3637
  17.9525
 -88.6149
  15.6697
 -43.0404
-0.705398
 -43.9946
  35.3657
    17.95
 -88.6268
  15.6642
 -43.0748
-0.700643
 -44.0031
  35.3674
    17.94
 -88.6348
  15.6419
 -43.0624
-0.707825
  -43.998
  35.3721
  17.9588
 -88.6318
   15.654
 -43.0626
-0.699169
 -43.9873
   35.383
  17.9374
 -88.6211
  15.6637
 -43.0713
-0.700098
 -44.0019
  35.3563
  17.9485
 -88.6139
  15.6503
 -43.0601
-0.700718
 -44.0116
   35.394
   17.939
 -88.6261
   15.661
  -43.061
-0.701131
 -43.9928
  35.3452
  17.9409
 -88.6173
  15.6483
 -43.0702
-0.705038
 -43.9983
  35.3648
  17.9509
 -88.6198
  15.6597
 -43.0764
-0.700403
 -43.9911
  35.3997
  17.9406
 -88.6301
  15.6575
 -43.0451
-0.700921
 -44.0045
   35.349
  17.9592
   -88.61
  15.6377
 -43.0609
-0.704898
 -43.9952
    35.39
  17.9275
 -88.6334
  15.6611
 -43.0701
-0.707054
 -43.9999
  35.3614
  17.9434
 -88.6392
  15.6583
 -43.0678
-0.702287
 -43.9958
  35.3569
   17.944
  -88.626
  15.6383
 -43.0578
-0.702201
 -43.9967
  35.3724
  17.9528
 -88.6343
   15.643
  -43.068
-0.702143
 -44.0009
  35.3682
  17.9419
 -88.6145
  15.6648
 -43.0579
-0.702105
 -43.9965
   35.384
  17.9601
 -88.6179
   15.661
 -43.0681
-0.708824
 -44.0008
  35.3609
  17.9652
 -88.6202
  15.6584
 -43.0748
-0.696227
 -43.9928
  35.3973
  17.9403
 -88.6488
  15.6565
 -43.0441
-0.701769
 -44.0019
  35.3436
  17.9333
 -88.6226
  15.6368
 -43.0603
-0.704648
 -43.9935
  35.3749
  17.9459
 -88.6237
  15.6508
 -43.0612
-0.700789
 -43.9988
  35.3882
  17.9455
 -88.6241
  15.6514
 -43.0703
-0.700918
 -43.9987
  35.3527
  17.9371
  -88.606
   15.662
 -43.0679
-0.701407
 -44.0059
  35.3847
  17.9666
 -88.6309
  15.6591
 -43.0664
-0.698022
 -43.9998
  35.3575
  17.9228
 -88.6204
  15.6569
 -43.0653
-0.709403
 -43.9958
  35.3689
  17.9487
 -88.6219
  15.6456
 -43.0561
-0.696724
 -43.9967
  35.3623
   17.956
  -88.613
  15.6482
 -43.0669
-0.698505
 -43.9973
  35.3687
 17.9526
-88.6439
 15.6681
-43.0571
 -0.7033
 -43.994
 35.3802
  17.9332
 -88.6377
  15.6546
 -43.0492
-0.699249
 -44.0064
  35.3622
  17.9373
 -88.6165
  15.6441
 -43.0722
-0.700153
 -44.0038
  35.3793
  17.9399
 -88.6279
  15.6385
 -43.0607
-0.711131
 -43.9984
  35.3467
  17.9318
  -88.627
  15.6517
 -43.0515
-0.701396
 -43.9912
  35.3917
  17.9547
 -88.5994
  15.6523
 -43.0823
-0.701607
 -43.9972
  35.3768
  17.9601
 -88.6263
  15.6438
 -43.0589
-0.698116
 -43.9976
   35.364
  17.9283
 -88.6429
  15.6552
 -43.0688
-0.699396
 -44.0015
  35.3846
  17.9438
 -88.6101
  15.6459
 -43.0584
-0.706994
 -43.9969
  35.3425
  17.9443
 -88.6419
  15.6398
 -43.0685
-0.705359
 -44.0011
  35.3775
  17.9446
 -88.6364
  15.6527
 -43.0482
-0.697525
 -43.9966
  35.3608
  17.9446
 -88.6242
  15.6611
 -43.0886
-0.702634
 -43.9972
  35.3822
  17.9532
 -88.6245
  15.6585
 -43.0632
-0.698801
 -43.9904
  35.3672
   17.959
 -88.6063
  15.6567
 -43.0547
-0.710229
 -44.0003
  35.3684
  17.9461
 -88.6125
  15.6555
  -43.066
-0.700795
 -44.0033
  35.3655
  17.9372
  -88.635
  15.6374
  -43.065
-0.697575
 -43.9981
  35.3554
  17.957
-88.6232
 15.6511
-43.0644
-0.70578
-44.0018
 35.4048
  17.9362
 -88.6054
  15.6601
  -43.064
-0.697805
 -44.0007
  35.3565
  17.9293
 -88.6388
  15.6493
 -43.0637
-0.695558
 -44.0073
  35.3872
 17.9175
-88.6342
 15.6588
-43.0635
-0.70493
-43.9971
 35.3701
  17.9436
 -88.6227
  15.6483
 -43.0634
-0.710707
 -44.0012
  35.3517
  17.9439
  -88.632
  15.6497
 -43.0633
-0.704227
 -43.9895
  35.3917
  17.9273
 -88.6112
  15.6509
 -43.0633
-0.693138
 -43.9961
  35.3658
 17.9502
-88.6344
 15.6429
-43.0633
-0.70643
-43.9932
 35.3825
  17.9483
 -88.6313
  15.6462
 -43.0632
-0.698239
 -43.9986
  35.3528
 17.9473
-88.6022
 15.6655
-43.0717
-0.70311
-43.9985
 35.3768
  17.9563
 -88.6282
  15.6613
 -43.0604
-0.692373
 -44.0022
  35.3563
   17.961
 -88.6271
  15.6413
 -43.0528
-0.702268
 -44.0009
  35.3569
  17.9474
 -88.6079
  15.6535
 -43.0647
-0.698533
 -43.9929
  35.4024
  17.9467
  -88.605
  15.6447
 -43.0557
-0.706914
  -44.002
  35.3434
  17.9592
 -88.6347
  15.6379
   -43.06
-0.699569
 -44.0002
  35.3613
  17.9363
 -88.6131
   15.661
 -43.0695
-0.703997
 -43.9996
  35.3789
  17.9577
 -88.6087
  15.6499
 -43.0589
-0.703341
 -43.9992
  35.3909
  17.9536
 -88.6409
  15.6594
 -43.0603
-0.699272
  -43.999
   35.347
  17.9509
 -88.6271
  15.6657
 -43.0697
-0.700167
 -44.0024
  35.3994
  17.9306
 -88.6349
  15.6613
 -43.0675
-0.704395
 -44.0011
  35.3487
  17.9452
 -88.6231
  15.6684
 -43.0476
-0.703606
 -44.0039
  35.3674
  17.9453
 -88.6323
  15.6634
 -43.0711
-0.709825
 -43.9985
  35.3905
  17.9354
 -88.6214
  15.6331
   -43.05
-0.700526
 -43.9949
  35.3355
  17.9486
 -88.6313
  15.6565
 -43.0543
-0.704139
 -43.9997
  35.3951
 17.9473
-88.6207
 15.6382
-43.0671
-0.69308
 -44.003
 35.3576
  17.9467
 -88.6391
  15.6429
 -43.0558
-0.699647
 -43.9906
  35.3652
  17.9462
  -88.626
  15.6463
 -43.0681
-0.700417
 -44.0005
  35.3593
  17.9459
 -88.6172
  15.6568
 -43.0749
-0.704562
 -43.9962
  35.3744
  17.9457
 -88.6368
  15.6641
 -43.0625
-0.703717
 -44.0006
  35.3882
  17.9454
  -88.589
  15.6519
 -43.0627
-0.699523
 -43.9999
  35.3673
  17.9539
 -88.6278
  15.6608
 -43.0628
-0.703966
 -43.9994
  35.3757
  17.9426
 -88.6439
   15.658
 -43.0799
-0.706433
 -43.9955
  35.3514
  17.9518
 -88.6292
  15.6562
 -43.0659
-0.694609
 -43.9965
  35.3834
  17.9498
 -88.6364
  15.6553
 -43.0564
-0.704298
  -44.008
   35.379
  17.9569
 -88.6327
  15.6546
 -43.0586
-0.703541
  -43.994
  35.3429
  17.9446
 -88.6033
  15.6453
 -43.0601
-0.699086
 -43.9919
   35.404
  17.9447
 -88.6204
  15.6477
 -43.0611
-0.706894
 -43.9977
  35.3518
   17.945
 -88.6219
  15.6581
 -43.0617
-0.702215
 -43.9979
  35.3731
  17.9364
 -88.6229
  15.6562
 -43.0707
-0.702165
 -43.9981
  35.3614
  17.9395
 -88.6591
  15.6465
 -43.0597
-0.702123
 -43.9982
  35.3599
  17.9497
 -88.6395
  15.6573
 -43.0693
-0.705206
 -44.0019
  35.3969
  17.9482
 -88.6164
  15.6387
 -43.0587
-0.697423
 -43.9972
  35.3625
  17.9474
 -88.6278
  15.6605
 -43.0602
-0.695303
 -44.0012
  35.3688
  17.9283
  -88.627
  15.6578
 -43.0611
-0.704761
 -44.0003
  35.3691
 17.9438
-88.6094
 15.6391
-43.0617
-0.70385
-43.9961
  35.366
 17.9441
-88.6231
 15.6605
-43.0705
-0.69598
-43.9969
 35.3898
 17.9446
-88.6323
 15.6496
-43.0681
-0.70158
-43.9938
 35.3498
  17.9264
 -88.6215
  15.6508
 -43.0665
-0.701706
 -43.9953
  35.3903
 17.9595
-88.6412
 15.6699
-43.0569
-0.70179
     -44
 35.3498
 17.9634
 -88.626
 15.6542
-43.0589
-0.70859
-43.9995
 35.3865
  17.9489
 -88.6087
  15.6539
 -43.0603
-0.699679
 -43.9955
  35.3477
 17.9291
-88.6312
 15.6451
-43.0612
-0.70407
-44.0037
 35.3703
  17.9444
 -88.6207
   15.666
 -43.0703
-0.703389
 -43.9984
  35.3996
  17.9447
 -88.6137
  15.6519
 -43.0594
-0.702936
  -44.002
  35.3525
   17.962
 -88.6175
  15.6523
 -43.0691
-0.699002
 -44.0009
  35.3806
   17.948
   -88.62
  15.6438
 -43.0672
-0.706731
 -44.0001
  35.3662
 17.9472
-88.6302
 15.6552
-43.0573
-0.69844
-43.9959
 35.3678
  17.9551
 -88.6285
  15.6461
 -43.0592
-0.706357
  -44.004
  35.3871
  17.9349
 -88.6274
  15.6482
 -43.0605
-0.701821
 -43.9986
  35.3517
 17.9384
-88.6352
 15.6584
-43.0698
-0.70189
-43.9949
 35.3841
  17.9307
 -88.6234
  15.6481
 -43.0591
-0.698305
 -43.9961
  35.3533
  17.9355
 -88.6426
  15.6497
 -43.0505
-0.699522
 -43.9969
  35.3774
  17.9486
 -88.6099
  15.6591
 -43.0546
-0.713823
 -44.0083
  35.3421
  17.9473
 -88.6319
  15.6572
 -43.0758
-0.696467
 -43.9942
  35.3807
   17.955
 -88.6127
  15.6386
 -43.0801
-0.694665
 -43.9884
  35.3961
  17.9434
 -88.6168
  15.6432
 -43.0575
-0.704335
 -43.9989
  35.3428
  17.9524
  -88.628
  15.6548
 -43.0593
-0.699935
 -43.9988
  35.3963
  17.9416
 -88.6271
   15.654
 -43.0776
-0.710985
 -43.9987
   35.354
  17.9512
  -88.608
  15.6353
 -43.0728
-0.704412
  -43.995
  35.3746
  17.9408
 -88.6406
  15.6593
 -43.0612
-0.696893
 -44.0034
   35.388
  17.9423
  -88.627
  15.6658
 -43.0618
-0.705326
 -43.9981
  35.3562
  17.9604
 -88.6264
  15.6616
 -43.0538
-0.701134
 -43.9982
  35.3647
  17.9384
 -88.6345
    15.65
 -43.0654
-0.704545
 -43.9983
  35.3663
  17.9407
 -88.6144
  15.6596
 -43.0732
-0.693351
  -44.002
  35.3938
  17.9321
 -88.6264
  15.6574
 -43.0614
-0.703459
 -44.0008
  35.3307
 17.9547
 -88.599
 15.6744
 -43.062
-0.69935
-44.0001
 35.4029
  17.9432
  -88.626
   15.649
 -43.0539
-0.700219
 -44.0032
  35.3736
   17.934
 -88.6342
  15.6416
 -43.0652
-0.711175
  -43.998
  35.3539
  17.9562
 -88.6312
  15.6637
 -43.0561
-0.701106
 -43.9982
  35.3781
  17.9441
 -88.6292
  15.6603
 -43.0669
-0.697569
 -43.9911
  35.3611
  17.9445
 -88.6278
   15.658
 -43.0572
-0.699174
 -43.9971
  35.3862
 17.9263
-88.6087
 15.6465
-43.0676
-0.70378
-43.9976
 35.3621
   17.951
 -88.6325
  15.6485
 -43.0662
-0.695949
 -44.0015
  35.3837
  17.9391
 -88.6115
  15.6499
 -43.0652
-0.711941
 -44.0005
   35.353
  17.9511
 -88.6429
   15.661
  -43.073
-0.698307
 -43.9999
  35.3771
  17.9576
 -88.6288
    15.64
 -43.0528
-0.703156
 -43.9994
  35.3865
  17.9451
 -88.6275
  15.6358
  -43.073
-0.695517
 -43.9991
   35.344
  17.9451
 -88.5997
  15.6585
 -43.0699
-0.701272
  -43.988
   35.401
   17.945
 -88.6165
  15.6567
 -43.0407
-0.705132
 -43.9987
  35.3539
  17.9352
 -88.6377
  15.6553
  -43.058
-0.704097
  -43.995
  35.3553
  17.957
 -88.625
 15.6544
-43.0682
-0.70652
-44.0034
 35.3678
  17.9446
 -88.6335
  15.6455
  -43.058
-0.705043
 -43.9981
  35.3648
  17.9534
 -88.6307
  15.6565
 -43.0682
-0.700946
 -43.9983
  35.3928
  17.9422
 -88.6374
  15.6554
 -43.0836
-0.697675
 -44.0056
  35.3632
  17.9432
 -88.6249
  15.6644
 -43.0513
-0.702734
  -43.996
  35.3765
  17.9524
 -88.6335
  15.6423
 -43.0552
-0.698867
 -43.9968
  35.3519
  17.9584
 -88.6137
  15.6541
 -43.0663
-0.703529
  -44.001
  35.3805
  17.9372
 -88.6175
  15.6368
 -43.0568
-0.706142
 -43.9965
  35.3769
  17.9484
 -88.6287
  15.6691
 -43.0489
-0.701678
 -43.9936
   35.371
  17.9474
 -88.6005
  15.6452
  -43.072
-0.701795
 -43.9988
   35.386
  17.9553
  -88.617
  15.6663
 -43.0506
-0.704985
 -43.9987
  35.3509
  17.9348
 -88.6296
  15.6518
 -43.0731
-0.700907
 -44.0022
  35.3835
  17.9469
 -88.6181
  15.6351
 -43.0783
-0.701281
 -43.9974
   35.364
   17.955
 -88.6203
  15.6494
 -43.0648
-0.694267
 -44.0014
  35.3814
  17.9516
 -88.6488
  15.6592
 -43.0643
-0.700438
 -44.0004
  35.3556
  17.9412
  -88.614
  15.6487
 -43.0639
-0.704576
 -43.9962
  35.3711
  17.9242
 -88.6361
  15.6584
 -43.0637
-0.703727
 -44.0006
  35.3487
  17.9496
 -88.6324
  15.6482
 -43.0635
-0.703161
 -43.9963
  35.3595
  17.948
  -88.63
 15.6496
-43.0549
-0.69552
 -43.997
 35.4041
  17.9472
 -88.6099
  15.6591
 -43.0661
-0.708018
 -44.0011
  35.3521
  17.9282
 -88.6518
   15.657
 -43.0566
-0.702929
 -44.0003
  35.3841
  17.9521
 -88.6163
  15.6472
 -43.0673
-0.698997
 -43.9961
  35.3687
  17.9499
 -88.6191
  15.6676
 -43.0659
-0.703615
 -43.9932
  35.3657
  17.9485
 -88.6211
  15.6359
  -43.065
-0.703086
 -44.0022
  35.3893
  17.9475
 -88.6309
  15.6498
 -43.0644
-0.699102
  -44.001
  35.3796
  17.9383
 -88.6205
  15.6594
  -43.064
-0.703685
 -43.9965
  35.3653
  17.9406
 -88.6305
  15.6403
 -43.0637
-0.703133
 -43.9972
  35.3484
  17.9507
 -88.6287
  15.6712
 -43.0635
-0.699133
 -43.9976
  35.3927
  17.9575
 -88.6275
  15.6554
 -43.0549
-0.696443
 -44.0015
  35.3373
   17.945
 -88.5915
  15.6459
 -43.0574
-0.701889
 -44.0005
  35.3892
  17.9364
 -88.6296
  15.6481
 -43.0679
-0.705543
 -43.9962
  35.3786
  17.9565
 -88.6367
  15.6581
 -43.0663
-0.707484
 -43.9933
  35.3462
  17.9444
 -88.6413
  15.6663
 -43.0738
-0.698942
 -43.9987
  35.3877
  17.9362
 -88.6191
  15.6521
 -43.0533
-0.703578
 -44.0022
  35.3632
   17.939
 -88.6297
  15.6439
 -43.0565
-0.703062
  -44.001
  35.3803
   17.941
 -88.6196
  15.6555
 -43.0402
-0.702717
 -44.0002
  35.3699
  17.9423
 -88.6386
  15.6461
 -43.0747
-0.698856
  -43.996
  35.3961
  17.9517
  -88.644
  15.6399
 -43.0708
-0.706634
 -44.0005
  35.3542
  17.9313
 -88.5924
   15.661
 -43.0683
-0.698375
 -43.9962
  35.3594
  17.9274
 -88.6301
  15.6582
 -43.0666
-0.703201
 -44.0006
  35.3961
  17.9332
 -88.6199
  15.6396
 -43.0567
-0.699178
 -43.9926
  35.3511
  17.9726
 -88.6117
  15.6525
 -43.0674
-0.703736
 -43.9982
  35.3868
  17.9636
  -88.626
   15.661
 -43.0476
-0.709911
 -43.9983
   35.363
  17.9406
 -88.6344
  15.6681
 -43.0626
-0.700583
 -43.9911
  35.3547
  17.9322
 -88.6229
  15.6448
 -43.0798
-0.697433
 -44.0008
  35.3635
  17.9464
 -88.6406
  15.6561
 -43.0743
-0.705686
 -44.0036
  35.3731
  17.9546
 -88.6269
  15.6463
 -43.0706
-0.701374
 -44.0056
  35.3795
  17.9515
 -88.6265
  15.6484
 -43.0512
-0.697961
  -43.996
  35.3617
   17.931
 -88.6345
  15.6498
 -43.0807
-0.702924
 -43.9932
   35.394
  17.9355
 -88.6314
  15.6594
 -43.0579
-0.702626
 -43.9985
  35.3415
  17.9485
 -88.6124
  15.6671
 -43.0597
-0.698795
 -43.9985
  35.3732
  17.9374
 -88.6166
  15.6356
 -43.0694
-0.699849
 -43.9985
  35.3875
    17.95
 -88.6194
  15.6582
 -43.0503
-0.710928
 -44.0021
  35.3703
  17.9485
 -88.6298
  15.6563
 -43.0631
-0.701261
 -43.9973
   35.382
 17.9375
-88.6098
 15.6468
-43.0546
-0.70463
-44.0049
  35.352
    17.95
 -88.6418
  15.6572
 -43.0574
-0.697039
 -43.9956
  35.3692
  17.9654
 -88.6093
  15.6658
 -43.0678
-0.695046
 -44.0002
  35.3624
 17.9418
-88.6244
 15.6517
-43.0663
-0.70459
-43.9924
 35.3793
   17.943
 -88.6416
  15.6252
 -43.0567
-0.706849
 -44.0016
  35.3693
  17.9437
 -88.6192
  15.6443
 -43.0673
-0.694886
  -43.997
  35.3661
   17.944
 -88.6211
  15.6641
 -43.0745
-0.700851
 -43.9902
  35.3785
  17.9346
 -88.6127
  15.6519
 -43.0537
-0.704851
 -44.0002
    35.35
   17.948
 -88.6351
  15.6606
 -43.0568
-0.707023
 -43.9996
  35.3974
  17.9471
 -88.6403
  15.6679
 -43.0489
-0.698634
 -44.0065
  35.3697
  17.9463
 -88.6183
  15.6631
  -43.072
-0.692997
 -44.0002
  35.3779
  17.9543
  -88.602
  15.6497
 -43.0606
-0.702684
 -43.9997
  35.3678
  17.9515
 -88.6365
  15.6422
 -43.0784
-0.706074
 -43.9957
  35.3576
  17.9408
 -88.6143
  15.6544
 -43.0734
-0.697462
 -43.9966
  35.3807
  17.9239
 -88.6178
  15.6367
 -43.0615
-0.698937
 -44.0008
  35.3696
  17.9579
 -88.6301
  15.6322
 -43.0621
-0.707183
 -43.9964
  35.3778
  17.9353
 -88.6284
   15.666
 -43.0624
-0.708578
 -44.0044
  35.3417
  17.9483
 -88.6273
  15.6615
 -43.0627
-0.703302
 -43.9988
  35.3662
  17.9474
 -88.6166
  15.6588
 -43.0629
-0.699246
 -43.9951
  35.3782
 17.9282
-88.6292
 15.6299
-43.0542
-0.70015
-43.9962
 35.3685
  17.9423
 -88.6278
  15.6557
 -43.0572
-0.707497
 -44.0042
  35.3915
  17.9532
 -88.6354
  15.6461
 -43.0677
-0.709326
 -43.9951
  35.3587
  17.9503
 -88.6405
  15.6567
 -43.0662
-0.696561
 -43.9962
  35.3883
 17.9388
-88.6184
 15.6738
-43.0567
-0.69836
-44.0042
  35.353
  17.9594
 -88.6291
  15.6671
 -43.0588
-0.706303
 -44.0024
   35.392
  17.9547
 -88.6093
  15.6526
 -43.0687
-0.698154
 -44.0011
  35.3664
  17.9514
 -88.6145
  15.6527
 -43.0584
-0.703054
  -43.993
  35.3898
   17.941
 -88.6279
  15.6628
 -43.0599
-0.702712
 -43.9985
  35.3614
   17.951
 -88.6354
  15.6412
 -43.0609
-0.705597
 -43.9985
   35.331
  17.9404
 -88.6235
  15.6536
 -43.0616
-0.701315
 -43.9949
   35.392
 17.9419
-88.6595
 15.6632
-43.0522
-0.69429
-43.9961
 35.3478
  17.9514
 -88.6028
  15.6682
 -43.0827
-0.700453
 -43.9969
  35.3851
   17.941
 -88.6201
  15.6547
 -43.0848
-0.700955
 -44.0047
  35.3654
 17.9508
 -88.639
 15.6543
-43.0521
-0.70492
-43.9954
 35.3521
  17.9491
 -88.6346
  15.6438
 -43.0458
-0.703956
 -43.9964
  35.3768
  17.9294
 -88.6044
  15.6385
 -43.0515
-0.696051
 -43.9935
  35.3635
  17.9614
 -88.6382
  15.6618
 -43.0553
-0.705259
 -43.9951
  35.3991
  17.9562
 -88.6069
  15.6403
 -43.0762
-0.707295
 -44.0035
  35.3449
  17.9357
 -88.6313
  15.6443
 -43.0634
-0.702447
 -43.9982
  35.3977
  17.9474
 -88.6207
  15.6473
 -43.0632
-0.698676
 -43.9947
  35.3557
   17.938
 -88.6392
  15.6677
 -43.0632
-0.706514
 -43.9959
  35.3565
   17.949
 -88.6261
  15.6442
 -43.0631
-0.701607
  -44.004
  35.4021
  17.9292
 -88.6258
  15.6555
 -43.0631
-0.701854
 -44.0058
  35.3658
  17.9445
  -88.617
   15.646
 -43.0631
-0.701948
 -43.9998
  35.3788
  17.9531
 -88.6282
   15.657
 -43.0716
-0.698355
 -43.9957
  35.3611
  17.9506
 -88.6272
  15.6555
 -43.0686
-0.709935
 -43.9966
  35.3712
  17.9404
 -88.6081
  15.6548
 -43.0668
-0.700601
 -43.9973
  35.3675
  17.9503
 -88.6236
  15.6542
 -43.0569
-0.693814
 -44.0013
  35.3755
  17.9488
 -88.6326
  15.6451
 -43.0675
-0.706881
 -44.0004
  35.3854
  17.9392
 -88.6031
  15.6476
 -43.0661
-0.694908
 -43.9925
   35.343
 17.9313
-88.6288
 15.6492
-43.0566
-0.70761
-43.9981
 35.4001
  17.9728
  -88.609
  15.6591
 -43.0673
-0.699025
 -43.9982
  35.3534
  17.9453
 -88.6412
  15.6484
 -43.0574
-0.703634
 -44.0019
  35.3556
  17.9454
 -88.6273
  15.6585
 -43.0678
-0.703099
 -44.0008
  35.3935
  17.9269
 -88.6266
  15.6752
 -43.0748
-0.702742
 -43.9928
  35.3415
    17.96
 -88.6161
   15.641
 -43.0624
-0.702504
 -44.0019
  35.3845
  17.9282
  -88.619
  15.6364
 -43.0542
-0.705458
 -44.0044
  35.3611
  17.9523
 -88.6394
  15.6419
 -43.0742
-0.707967
 -43.9952
  35.3752
    17.95
 -88.6162
  15.6723
  -43.062
-0.699287
 -44.0036
  35.3548
  17.9485
 -88.6191
  15.6558
 -43.0624
-0.700201
  -43.991
  35.3711
   17.939
 -88.6394
  15.6465
 -43.0627
-0.693547
 -43.9971
  35.3747
  17.9226
 -88.6349
  15.6572
 -43.0628
-0.706703
 -43.9976
  35.3661
  17.9485
 -88.6231
  15.6556
 -43.0544
-0.702052
 -44.0015
  35.3932
  17.9474
 -88.6322
  15.6463
 -43.0743
-0.702044
 -43.9969
  35.3413
  17.9638
 -88.6114
  15.6571
 -43.0622
-0.698407
  -44.001
  35.3802
  17.9305
 -88.6159
  15.6557
  -43.054
-0.706335
 -44.0002
  35.3804
  17.9352
 -88.6188
  15.6461
  -43.074
-0.694544
 -44.0105
  35.3734
  17.9486
 -88.6308
  15.6482
  -43.035
-0.704254
 -43.9848
  35.3726
  17.9473
 -88.6374
  15.6499
 -43.0712
-0.703512
 -43.9966
  35.3572
  17.9552
 -88.6248
  15.6422
  -43.077
-0.703018
 -44.0008
   35.369
   17.952
 -88.6334
  15.6628
 -43.0639
-0.702688
 -43.9964
  35.3659
  17.9496
 -88.6392
  15.6695
 -43.0637
-0.695205
 -43.9971
   35.393
  17.9483
 -88.6177
  15.6455
 -43.0635
-0.704695
 -43.9939
  35.3744
  17.9386
 -88.6371
  15.6663
 -43.0634
-0.703806
 -44.0027
   35.355
  17.9225
 -88.6246
  15.6251
 -43.0633
-0.699582
 -43.9904
  35.4006
   17.957
 -88.6163
  15.6611
 -43.0548
-0.704005
 -43.9967
  35.3389
  17.9446
 -88.6277
  15.6497
 -43.0575
-0.703346
 -44.0045
  35.3903
  17.9446
 -88.6354
  15.6594
 -43.0593
-0.702907
 -43.9989
  35.3685
  17.9447
  -88.632
  15.6573
 -43.0691
-0.712471
 -43.9951
  35.3771
  17.9351
 -88.6213
  15.6389
 -43.0586
-0.699198
 -43.9962
  35.3747
  17.9484
 -88.6226
  15.6518
 -43.0601
-0.700141
 -44.0006
  35.3691
 17.9473
-88.6149
  15.652
-43.0696
-0.70077
-44.0035
 35.3698
  17.9467
 -88.6183
  15.6522
  -43.076
-0.697558
 -44.0018
  35.3743
   17.946
  -88.629
  15.6523
 -43.0632
-0.702656
 -44.0007
  35.3801
  17.9627
 -88.6277
  15.6609
 -43.0547
-0.702447
      -44
  35.3398
  17.9485
 -88.6184
  15.6582
 -43.0745
-0.695044
 -43.9923
  35.3723
   17.939
 -88.6206
  15.6479
 -43.0623
-0.700956
 -44.0016
  35.3609
   17.931
 -88.6391
  15.6582
 -43.0541
-0.704922
 -44.0042
  35.3563
  17.9457
  -88.626
  15.6395
 -43.0741
-0.703957
 -43.9987
  35.3874
  17.9456
 -88.6342
  15.6522
  -43.062
-0.699683
 -43.9914
  35.3632
  17.9455
 -88.6142
  15.6525
 -43.0709
-0.710817
  -44.001
  35.3843
  17.9355
 -88.5994
   15.661
 -43.0414
-0.697555
 -43.9965
  35.3497
  17.9387
 -88.6262
  15.6499
 -43.0585
-0.699023
 -44.0008
  35.3866
  17.9591
  -88.626
  15.6694
  -43.077
-0.706745
 -44.0037
  35.3587
  17.9461
 -88.6427
  15.6539
  -43.064
-0.694817
 -43.9947
  35.4029
  17.9359
 -88.6283
  15.6452
 -43.0552
-0.697174
 -43.9996
  35.3665
   17.939
 -88.6188
  15.6291
 -43.0578
-0.706008
 -43.9992
  35.3456
  17.9595
 -88.6294
  15.6552
 -43.0766
-0.704681
 -44.0026
  35.3872
  17.9463
 -88.6194
  15.6458
 -43.0551
-0.703797
 -43.9904
  35.3518
   17.936
 -88.6298
  15.6653
 -43.0578
-0.699576
 -44.0003
  35.3841
  17.9388
 -88.6283
  15.6612
 -43.0765
-0.704001
 -43.9961
  35.3907
  17.9677
 -88.6272
    15.65
 -43.0551
-0.703344
 -43.9969
  35.3468
  17.9519
 -88.6265
  15.6692
 -43.0577
-0.699274
  -44.001
  35.3848
  17.9411
 -88.6076
   15.654
  -43.068
-0.706913
 -44.0002
  35.3575
  17.9426
 -88.6403
  15.6537
 -43.0664
-0.702192
 -43.9997
  35.3875
   17.952
 -88.6355
  15.6535
 -43.0469
-0.702138
 -44.0029
  35.3704
  17.9413
 -88.5966
  15.6633
 -43.0706
-0.702101
 -43.9978
   35.389
  17.9327
 -88.6329
  15.6413
 -43.0497
-0.702077
 -43.9944
  35.3606
  17.9636
 -88.6218
   15.672
  -43.081
-0.702061
 -43.9958
  35.3451
 17.9575
-88.6129
 15.6475
-43.0581
-0.70205
-44.0003
  35.398
  17.9364
 -88.6439
  15.6406
 -43.0683
-0.702043
 -44.0034
  35.3484
  17.9394
 -88.6206
  15.6633
 -43.0581
-0.702038
 -43.9981
  35.3737
  17.9499
 -88.6122
  15.6498
 -43.0682
-0.702035
 -44.0019
  35.3692
  17.9397
 -88.6348
  15.6422
  -43.058
-0.702033
 -43.9972
  35.3402
  17.9502
 -88.6401
  15.6374
 -43.0682
-0.702031
 -43.9976
  35.3649
  17.9302
 -88.6267
  15.6596
  -43.058
-0.698079
 -43.9943
  35.3665
  17.9621
 -88.6347
  15.6574
 -43.0497
-0.699478
 -43.9957
  35.3821
  17.9296
 -88.6231
  15.6475
 -43.0896
-0.707085
 -44.0002
  35.3595
  17.9445
 -88.6238
  15.6576
 -43.0553
-0.702319
 -44.0033
  35.3897
  17.9349
 -88.6242
  15.6561
  -43.048
-0.705339
 -44.0017
  35.3684
  17.9568
 -88.6061
  15.6651
 -43.0714
-0.701144
 -43.9934
  35.3577
  17.9343
 -88.6308
  15.6512
 -43.0601
-0.704552
 -43.9951
  35.3953
   17.938
 -88.6374
  15.6433
 -43.0611
-0.696987
 -43.9962
  35.3496
  17.9674
 -88.6064
  15.6648
 -43.0518
-0.702275
 -44.0006
  35.3789
  17.9431
  -88.604
  15.6608
 -43.0739
-0.705306
 -43.9999
  35.3726
  17.9339
 -88.6379
  15.6399
 -43.0618
-0.690745
 -43.9958
  35.3647
  17.9646
 -88.6336
  15.6528
 -43.0707
-0.701183
 -43.9967
  35.3853
  17.9412
 -88.6124
  15.6527
 -43.0682
-0.708185
 -44.0009
  35.3727
  17.9326
 -88.6264
  15.6626
  -43.058
-0.703041
 -43.9965
  35.3798
  17.9366
  -88.616
  15.6326
 -43.0412
-0.702703
 -44.0044
  35.3503
  17.9577
 -88.6289
  15.6661
 -43.0668
-0.702478
 -44.0025
  35.4016
  17.9452
 -88.6276
  15.6617
 -43.0656
-0.698697
 -43.9903
  35.3688
  17.9453
 -88.6352
  15.6488
 -43.0732
-0.706528
 -44.0003
  35.3514
  17.9538
 -88.6134
  15.6601
 -43.0699
-0.698304
 -43.9961
   35.387
  17.9423
 -88.6272
  15.6395
 -43.0492
-0.699522
 -44.0005
  35.3555
  17.9517
 -88.6264
  15.6523
 -43.0722
-0.700334
 -43.9962
  35.3752
  17.9412
 -88.6075
  15.6439
 -43.0607
-0.704506
  -43.997
  35.3734
  17.9324
 -88.6317
   15.647
 -43.0614
-0.706793
 -43.9938
    35.35
  17.9552
 -88.6195
  15.6575
  -43.052
-0.702112
 -43.9954
  35.3792
  17.9434
 -88.6312
  15.6561
 -43.0741
-0.705197
      -44
  35.3583
  17.9526
 -88.6377
  15.6551
 -43.0619
-0.701049
 -44.0031
  35.3846
  17.9587
  -88.625
  15.6457
 -43.0708
-0.701375
 -44.0052
   35.361
 17.9371
 -88.615
 15.6565
-43.0683
-0.69433
-43.9994
 35.3975
 17.9484
-88.6282
 15.6282
-43.0666
-0.70048
-43.9955
 35.3438
  17.9475
 -88.6357
  15.6549
  -43.047
-0.704604
 -43.9965
  35.3605
  17.9283
 -88.6407
  15.6543
 -43.0622
-0.706858
 -43.9971
  35.3967
  17.9522
 -88.6356
  15.6451
 -43.0625
-0.698524
 -44.0012
  35.3584
  17.9315
 -88.6052
  15.6475
 -43.0712
-0.699669
 -43.9967
  35.3921
  17.9361
 -88.6217
  15.6579
 -43.0685
-0.700431
 -43.9973
  35.3592
 17.9488
 -88.623
 15.6745
-43.0667
-0.70094
-43.9977
 35.3554
