-0.177134
 -33.0005
-0.607342
  22.5986
 0.657778
  2.29818
0.0118442
 -0.153331
  -33.0283
  -0.68272
   22.5986
  0.639467
   2.29818
-0.0531582
  -0.153331
   -33.0283
   -0.68272
    22.5986
   0.657778
    2.30459
-0.00738186
 -0.228709
  -33.0283
  -0.68272
   22.6224
  0.651369
   2.29818
-0.0339322
 -0.177134
  -33.1037
 -0.635113
   22.5986
  0.645876
   2.30459
-0.0467495
 -0.177134
  -33.0283
 -0.607342
   22.5986
  0.664187
   2.30459
-0.0668911
 -0.129527
  -33.0005
 -0.658916
   22.5986
  0.651369
   2.29818
-0.0275235
  -0.153331
   -33.0521
  -0.658916
    22.6224
   0.657778
    2.30459
-0.00738186
 -0.153331
  -32.9767
  -0.68272
   22.6224
  0.645876
   2.30459
-0.0668911
-0.129527
 -33.0283
-0.658916
  22.6224
 0.657778
  2.30459
0.0118442
 -0.153331
  -33.0005
 -0.635113
   22.6224
  0.664187
   2.30459
-0.0604824
 -0.153331
  -33.0521
 -0.635113
   22.5986
  0.657778
   2.29818
-0.0339322
 -0.129527
  -33.0521
 -0.635113
   22.5748
  0.651369
   2.30459
-0.0137906
 -0.153331
  -33.0005
  -0.68272
   22.5748
  0.651369
     2.311
-0.0275235
 -0.153331
  -33.0521
 -0.635113
   22.6502
  0.664187
   2.29177
-0.0403408
 -0.177134
  -33.0283
 -0.635113
   22.5986
  0.645876
   2.29818
-0.0275235
 -0.153331
  -33.0759
 -0.635113
   22.6224
  0.651369
   2.29177
-0.0211148
 -0.101756
  -33.0759
 -0.658916
   22.6224
  0.651369
   2.29177
-0.0531582
 -0.153331
  -33.0283
 -0.635113
   22.6224
  0.645876
   2.29818
0.00543552
 -0.153331
  -33.0521
 -0.635113
   22.6224
  0.651369
   2.29818
-0.0403408
 -0.153331
  -33.0759
 -0.635113
   22.5986
  0.645876
   2.29818
-0.0604824
 -0.177134
  -33.0759
 -0.635113
   22.5986
  0.651369
   2.30459
-0.0211148
 -0.153331
  -33.0005
 -0.607342
   22.5748
  0.651369
     2.311
-0.0604824
 -0.153331
  -33.0521
 -0.635113
   22.5986
  0.657778
     2.311
-0.0211148
 -0.204905
  -33.0521
 -0.658916
   22.5748
  0.651369
   2.30459
-0.0339322
 -0.204905
  -33.0283
 -0.635113
   22.6224
  0.657778
   2.29818
-0.0137906
 -0.153331
  -33.0005
 -0.658916
   22.5986
  0.651369
   2.28536
-0.0668911
 -0.204905
  -33.0005
 -0.658916
   22.6502
  0.657778
   2.30459
-0.0211148
 -0.153331
  -33.0283
 -0.607342
   22.5986
  0.645876
   2.30459
-0.0211148
 -0.177134
  -33.0283
 -0.658916
   22.6502
   0.66968
   2.30459
-0.0339322
-0.177134
 -33.0521
-0.635113
  22.5748
 0.664187
  2.29177
0.0118442
 -0.177134
  -33.0521
 -0.658916
   22.5986
  0.651369
   2.30459
-0.0668911
 -0.129527
  -33.0283
 -0.607342
   22.5986
  0.657778
   2.30459
-0.0339322
 -0.204905
  -33.0283
 -0.658916
   22.5986
  0.657778
   2.29818
-0.0531582
 -0.204905
  -33.0283
 -0.635113
   22.6224
  0.657778
   2.30459
-0.0339322
 -0.204905
  -33.0005
 -0.635113
   22.6502
  0.657778
   2.29818
-0.0211148
 -0.153331
  -33.0521
 -0.658916
   22.6224
  0.651369
   2.29177
-0.0531582
 -0.177134
  -33.0759
 -0.607342
   22.5748
  0.651369
   2.29818
-0.0211148
 -0.204905
  -33.0759
 -0.658916
   22.6224
  0.651369
   2.29818
-0.0732998
 -0.177134
  -33.0283
  -0.68272
   22.6224
  0.651369
   2.29818
0.00543552
 -0.204905
  -33.0005
 -0.635113
    22.551
  0.657778
   2.29818
-0.0531582
 -0.153331
  -33.0759
  -0.68272
   22.6502
  0.657778
   2.29177
-0.0211148
 -0.177134
  -33.0283
  -0.68272
   22.5986
  0.664187
   2.30459
-0.0211148
 -0.177134
  -33.0521
 -0.607342
   22.6502
  0.645876
   2.28536
-0.0604824
   -0.177134
    -33.0283
   -0.607342
     22.6224
    0.645876
     2.30459
-0.000973172
 -0.177134
  -32.9767
 -0.635113
   22.5986
  0.657778
   2.29818
-0.0467495
   -0.177134
    -33.0521
    -0.68272
     22.5748
    0.651369
     2.29818
-0.000973172
 -0.204905
  -33.0283
 -0.607342
   22.5748
  0.657778
   2.30459
-0.0467495
 -0.153331
  -33.0521
 -0.607342
   22.6224
  0.664187
   2.29818
-0.0339322
 -0.204905
  -33.0005
 -0.658916
   22.6502
  0.657778
   2.29177
-0.0732998
 -0.204905
  -32.9767
 -0.658916
   22.6224
  0.651369
   2.30459
-0.0668911
-0.204905
 -33.0005
 -0.68272
  22.6224
 0.657778
  2.29818
0.0118442
 -0.252513
  -33.0283
 -0.658916
   22.5748
  0.651369
     2.311
-0.0668911
 -0.204905
  -32.9767
 -0.658916
   22.6224
  0.651369
     2.311
-0.0137906
 -0.204905
  -33.0283
 -0.658916
   22.5232
  0.657778
   2.29818
-0.0467495
 -0.153331
  -33.0283
 -0.658916
   22.5986
  0.657778
   2.30459
-0.0339322
   -0.204905
    -33.0521
   -0.658916
     22.5986
    0.657778
     2.29818
-0.000973172
 -0.177134
  -33.0283
  -0.68272
   22.6502
  0.651369
   2.29818
-0.0668911
 -0.153331
  -33.0521
 -0.635113
   22.6502
  0.639467
   2.29177
-0.0211148
 -0.177134
  -33.0521
 -0.607342
   22.6224
  0.651369
   2.30459
-0.0211148
 -0.177134
  -33.0521
 -0.635113
   22.5986
  0.664187
   2.30459
-0.0604824
 -0.177134
  -33.0005
 -0.635113
   22.6502
  0.639467
     2.311
-0.0339322
 -0.177134
  -33.0283
 -0.635113
   22.5986
  0.651369
   2.29818
-0.0467495
  -0.177134
   -33.0759
  -0.635113
    22.5986
   0.657778
    2.29818
-0.00738186
 -0.204905
  -33.0283
 -0.658916
   22.5986
  0.645876
   2.29818
-0.0531582
 -0.204905
  -33.0521
 -0.583538
   22.5748
  0.645876
   2.29177
0.00543552
 -0.204905
  -33.0521
 -0.658916
   22.6502
  0.651369
   2.29818
-0.0604824
 -0.177134
  -33.0521
 -0.635113
   22.6224
  0.645876
   2.29177
-0.0467495
 -0.204905
  -33.0283
 -0.658916
   22.6502
  0.651369
   2.30459
0.00543552
 -0.153331
  -33.0521
 -0.658916
   22.6224
  0.657778
   2.29818
-0.0668911
  -0.153331
   -33.0521
  -0.658916
    22.5986
   0.657778
    2.30459
-0.00738186
 -0.177134
  -33.0759
 -0.658916
   22.5986
  0.664187
   2.29177
-0.0403408
 -0.153331
  -33.0283
 -0.607342
    22.674
  0.651369
   2.30459
-0.0403408
 -0.153331
  -33.0521
 -0.607342
   22.5986
  0.657778
   2.29177
-0.0403408
 -0.177134
  -33.0759
 -0.658916
   22.6224
  0.645876
   2.29818
-0.0339322
 -0.129527
  -33.0759
 -0.635113
   22.6224
  0.657778
   2.31741
-0.0137906
 -0.177134
  -33.0521
 -0.607342
   22.5986
  0.657778
   2.29818
-0.0531582
 -0.153331
  -33.0283
 -0.635113
   22.6224
  0.657778
   2.27895
0.00543552
 -0.177134
  -33.0521
 -0.607342
   22.6224
  0.657778
   2.30459
-0.0668911
 -0.177134
  -33.0283
 -0.635113
   22.5986
  0.651369
   2.29818
-0.0467495
-0.153331
 -33.0283
-0.607342
  22.5748
 0.657778
    2.311
0.0118442
 -0.177134
  -33.0521
 -0.607342
   22.6502
  0.657778
   2.29177
-0.0604824
   -0.129527
    -33.0005
   -0.658916
     22.6224
    0.651369
     2.30459
-0.000973172
 -0.204905
  -33.0521
 -0.607342
   22.5986
  0.645876
   2.29818
-0.0403408
 -0.177134
  -33.0759
 -0.607342
   22.5986
  0.651369
   2.30459
-0.0531582
 -0.177134
  -33.0521
 -0.658916
   22.6224
  0.651369
   2.30459
-0.0339322
 -0.153331
  -33.0759
 -0.658916
   22.5986
  0.651369
   2.29818
-0.0403408
 -0.177134
  -33.0283
 -0.607342
   22.6224
  0.651369
   2.30459
-0.0137906
 -0.129527
  -33.0283
 -0.607342
   22.5986
  0.639467
   2.29818
-0.0467495
-0.101756
 -33.0283
-0.607342
  22.5748
 0.657778
    2.311
0.0118442
 -0.153331
  -33.1037
 -0.607342
   22.6502
  0.651369
   2.29818
-0.0668911
 -0.177134
  -33.0521
 -0.658916
   22.6224
  0.645876
     2.311
-0.0275235
   -0.153331
    -33.0521
   -0.635113
     22.6224
    0.651369
     2.30459
-0.000973172
 -0.153331
  -33.0521
 -0.635113
   22.5986
  0.651369
   2.30459
-0.0531582
  -0.177134
   -33.0005
  -0.607342
    22.5986
   0.651369
    2.29177
-0.00738186
 -0.101756
  -33.0521
 -0.607342
   22.5986
  0.657778
   2.29818
-0.0467495
 -0.204905
  -33.0283
 -0.607342
   22.5986
  0.639467
   2.30459
-0.0339322
 -0.153331
  -33.0283
 -0.635113
   22.6224
  0.657778
   2.30459
-0.0467495
 -0.129527
  -33.0005
 -0.635113
   22.5986
  0.657778
   2.30459
-0.0403408
 -0.129527
  -33.0759
 -0.583538
   22.6224
  0.651369
     2.311
-0.0211148
 -0.177134
  -33.0759
 -0.607342
   22.6502
  0.657778
   2.29177
-0.0467495
 -0.177134
  -33.0283
 -0.635113
   22.5986
  0.657778
   2.29177
-0.0211148
 -0.177134
  -33.0521
 -0.658916
   22.6224
  0.639467
   2.29818
-0.0732998
  -0.204905
   -33.0521
  -0.635113
    22.6502
   0.651369
      2.311
-0.00738186
 -0.153331
  -32.9767
 -0.635113
   22.5748
  0.651369
   2.30459
-0.0211148
 -0.129527
  -33.0283
 -0.658916
   22.6224
  0.657778
   2.30459
-0.0403408
  -0.204905
   -33.0759
  -0.635113
    22.5986
   0.657778
    2.29818
-0.00738186
 -0.177134
  -33.0005
 -0.658916
   22.6224
  0.645876
   2.30459
-0.0732998
 -0.177134
  -33.0759
  -0.68272
   22.5986
  0.645876
   2.29818
-0.0275235
 -0.177134
  -33.0759
 -0.658916
   22.6502
  0.657778
   2.30459
-0.0531582
 -0.177134
  -33.0521
 -0.635113
    22.551
  0.651369
   2.30459
-0.0211148
 -0.153331
  -33.0521
 -0.635113
   22.5986
  0.657778
   2.31741
-0.0403408
 -0.129527
  -33.0005
 -0.635113
   22.6224
  0.639467
   2.30459
-0.0403408
 -0.153331
  -33.0005
 -0.635113
   22.5986
  0.651369
   2.29818
-0.0467495
 -0.177134
  -33.0521
  -0.68272
   22.5986
  0.657778
   2.30459
-0.0668911
-0.129527
 -33.0283
-0.658916
  22.5986
 0.645876
  2.29818
0.0118442
 -0.177134
  -32.9767
 -0.635113
   22.5986
  0.657778
   2.29818
-0.0531582
  -0.204905
   -33.0521
  -0.658916
    22.5986
   0.664187
    2.28536
-0.00738186
 -0.252513
  -33.0521
 -0.635113
   22.5986
  0.651369
   2.29818
-0.0275235
 -0.204905
  -33.0283
 -0.658916
   22.5986
  0.639467
   2.29177
-0.0604824
   -0.204905
    -33.0521
   -0.658916
     22.5986
    0.645876
       2.311
-0.000973172
 -0.252513
  -33.0005
 -0.658916
   22.5986
  0.664187
   2.30459
-0.0339322
  -0.204905
   -33.0521
   -0.68272
    22.5986
   0.645876
      2.311
-0.00738186
 -0.204905
  -33.0521
  -0.68272
   22.5986
  0.657778
   2.30459
-0.0531582
 -0.204905
  -32.9767
 -0.635113
   22.5748
  0.651369
   2.30459
-0.0211148
 -0.177134
  -33.0283
 -0.635113
   22.5986
   0.66968
   2.29818
-0.0531582
 -0.153331
  -33.0283
  -0.68272
   22.6224
  0.657778
   2.29818
-0.0604824
-0.177134
 -32.9767
-0.658916
  22.5986
 0.664187
    2.311
0.0118442
 -0.177134
  -32.9529
  -0.68272
   22.6224
  0.651369
   2.29818
-0.0732998
 -0.153331
  -33.0521
 -0.710491
   22.6224
  0.657778
   2.30459
-0.0531582
 -0.204905
  -33.0005
 -0.658916
   22.5986
  0.651369
   2.30459
-0.0275235
   -0.153331
    -32.9767
    -0.68272
     22.6224
    0.651369
     2.30459
-0.000973172
 -0.153331
  -33.0521
 -0.658916
   22.6224
  0.657778
   2.30459
-0.0668911
-0.153331
 -33.0283
-0.635113
  22.5986
 0.657778
  2.29818
0.0118442
 -0.204905
  -33.0521
 -0.635113
   22.5986
  0.651369
   2.29818
-0.0604824
 -0.177134
  -33.0283
 -0.607342
   22.6502
  0.651369
   2.29177
-0.0403408
   -0.177134
    -33.0521
   -0.607342
     22.5986
    0.639467
     2.29818
-0.000973172
 -0.204905
  -33.0283
  -0.68272
   22.6502
  0.651369
   2.30459
-0.0861172
   -0.177134
    -33.0521
   -0.635113
     22.6502
    0.645876
     2.29818
-0.000973172
 -0.177134
  -33.0283
  -0.68272
   22.6224
  0.664187
   2.29177
-0.0531582
 -0.177134
  -33.0759
  -0.68272
   22.6502
  0.657778
     2.311
-0.0467495
 -0.177134
  -33.0521
  -0.68272
   22.6224
  0.657778
   2.29818
-0.0604824
 -0.177134
  -33.0283
 -0.658916
   22.5986
  0.651369
   2.30459
-0.0403408
 -0.177134
  -33.0759
 -0.635113
   22.6224
  0.651369
   2.29818
-0.0137906
 -0.177134
  -32.9529
 -0.658916
   22.6224
  0.657778
   2.29818
-0.0403408
 -0.153331
  -33.0283
 -0.635113
   22.6224
  0.651369
   2.29818
-0.0275235
 -0.177134
  -33.0759
 -0.635113
   22.5748
  0.645876
   2.30459
-0.0668911
 -0.153331
  -33.0521
 -0.635113
   22.5986
  0.664187
   2.30459
-0.0211148
 -0.153331
  -33.0759
 -0.635113
   22.6224
  0.651369
   2.28536
-0.0211148
 -0.129527
  -33.0759
 -0.635113
   22.6224
  0.651369
   2.30459
-0.0797085
-0.153331
 -33.0005
-0.658916
  22.6224
 0.657778
    2.311
0.0118442
 -0.153331
  -33.0283
 -0.658916
   22.6224
  0.645876
   2.30459
-0.0604824
 -0.153331
  -33.0283
 -0.635113
   22.6224
  0.651369
   2.30459
-0.0339322
 -0.177134
  -33.0283
 -0.635113
   22.5986
  0.651369
   2.30459
-0.0531582
 -0.177134
  -33.1275
 -0.658916
   22.6224
  0.651369
   2.30459
-0.0604824
   -0.153331
    -33.1037
   -0.635113
     22.5986
    0.645876
     2.29818
-0.000973172
 -0.153331
  -33.0521
  -0.68272
   22.6224
  0.657778
   2.30459
-0.0467495
 -0.153331
  -33.0759
 -0.635113
   22.6224
  0.664187
   2.29818
-0.0403408
 -0.204905
  -33.0759
 -0.635113
   22.6224
  0.651369
   2.29818
-0.0403408
 -0.177134
  -33.0283
  -0.68272
   22.6224
  0.651369
   2.30459
-0.0467495
  -0.177134
   -33.0521
  -0.635113
    22.5986
   0.664187
    2.30459
-0.00738186
 -0.177134
  -33.0759
 -0.658916
   22.5986
  0.657778
     2.311
-0.0668911
  -0.228709
   -33.0521
  -0.658916
    22.5986
   0.657778
      2.311
-0.00738186
 -0.153331
  -33.1037
 -0.607342
   22.6224
  0.657778
   2.30459
-0.0668911
 -0.129527
  -33.0759
 -0.635113
   22.6224
  0.645876
   2.30459
-0.0137906
 -0.153331
  -33.0283
 -0.635113
   22.6224
  0.657778
     2.311
-0.0732998
 -0.204905
  -33.0759
 -0.658916
   22.6224
  0.651369
   2.29818
-0.0467495
 -0.177134
  -33.0521
 -0.607342
   22.5986
  0.651369
   2.30459
0.00543552
 -0.177134
  -33.0283
 -0.635113
   22.6224
  0.651369
   2.29818
-0.0604824
 -0.129527
  -33.0283
 -0.635113
   22.5986
  0.657778
   2.29818
-0.0211148
 -0.153331
  -33.0283
 -0.658916
   22.5986
  0.645876
   2.29818
-0.0403408
 -0.153331
  -33.0521
 -0.635113
   22.6224
  0.657778
   2.30459
-0.0403408
  -0.129527
   -33.0521
  -0.658916
    22.6224
   0.645876
    2.29177
-0.00738186
 -0.177134
  -33.0521
 -0.658916
   22.6224
  0.651369
   2.29818
-0.0604824
 -0.177134
  -33.0759
 -0.635113
   22.5986
  0.651369
   2.30459
-0.0137906
 -0.204905
  -33.0521
 -0.658916
   22.6224
  0.657778
   2.30459
-0.0604824
 -0.204905
  -33.1037
 -0.658916
   22.6502
  0.657778
   2.30459
-0.0275235
 -0.177134
  -33.0283
 -0.635113
   22.6502
  0.633974
   2.28536
-0.0861172
 -0.177134
  -33.0759
 -0.635113
   22.5986
  0.657778
   2.30459
-0.0339322
   -0.153331
    -33.0283
    -0.68272
     22.5748
    0.664187
     2.31741
-0.000973172
 -0.177134
  -33.0283
  -0.68272
   22.6224
  0.651369
   2.30459
-0.0797085
   -0.153331
    -33.0521
   -0.658916
     22.6224
    0.657778
     2.30459
-0.000973172
 -0.177134
  -33.0521
 -0.658916
   22.5748
  0.639467
   2.30459
-0.0604824
 -0.153331
  -33.0005
 -0.710491
   22.5748
  0.645876
     2.311
-0.0339322
  -0.177134
   -33.0759
  -0.658916
    22.5986
   0.657778
    2.29818
-0.00738186
 -0.177134
  -33.0521
 -0.635113
   22.5986
  0.645876
   2.30459
-0.0531582
 -0.129527
  -33.0521
 -0.635113
   22.6224
  0.651369
   2.30459
-0.0467495
 -0.177134
  -33.0759
 -0.658916
   22.5986
  0.645876
   2.30459
-0.0467495
   -0.177134
    -33.0283
   -0.635113
     22.5748
    0.664187
     2.29818
-0.000973172
 -0.204905
  -33.0521
 -0.635113
   22.5986
  0.651369
   2.29818
-0.0989346
 -0.153331
  -32.9767
 -0.583538
   22.5986
  0.657778
   2.29818
0.00543552
 -0.177134
  -33.0283
 -0.635113
   22.6224
  0.657778
   2.29177
-0.0275235
 -0.204905
  -33.0521
 -0.658916
   22.5986
  0.639467
   2.29818
-0.0604824
 -0.153331
  -33.0521
 -0.607342
   22.6224
  0.651369
   2.29818
-0.0275235
 -0.177134
  -33.0521
 -0.607342
   22.5986
  0.657778
     2.311
-0.0531582
 -0.177134
  -33.0521
 -0.607342
   22.6224
  0.657778
   2.30459
-0.0137906
 -0.228709
  -33.0005
 -0.635113
   22.5986
  0.651369
   2.30459
-0.0467495
 -0.177134
  -33.0521
 -0.635113
   22.5986
  0.664187
   2.29818
-0.0137906
 -0.204905
  -33.0005
 -0.635113
   22.5986
  0.639467
   2.29818
-0.0604824
 -0.177134
  -33.0759
 -0.607342
   22.5748
  0.657778
   2.29818
-0.0275235
  -0.153331
   -33.0521
  -0.658916
    22.6224
   0.651369
    2.29818
-0.00738186
 -0.177134
  -33.0521
  -0.68272
   22.5748
  0.664187
   2.29818
-0.0732998
-0.177134
 -32.9767
-0.635113
  22.5748
 0.657778
  2.31741
0.0118442
 -0.177134
  -33.0005
 -0.635113
   22.6502
  0.651369
   2.30459
-0.0531582
 -0.204905
  -33.0521
 -0.635113
   22.6224
  0.651369
     2.311
-0.0604824
 -0.153331
  -33.0283
 -0.635113
   22.5986
  0.645876
   2.29818
-0.0467495
 -0.177134
  -33.0521
 -0.658916
   22.6224
  0.645876
   2.30459
-0.0531582
  -0.153331
   -33.0521
  -0.635113
    22.5986
   0.651369
    2.30459
-0.00738186
 -0.177134
  -33.0759
 -0.635113
    22.551
  0.657778
   2.29177
-0.0467495
 -0.177134
  -33.0521
 -0.607342
   22.6224
  0.651369
   2.30459
-0.0275235
 -0.153331
  -33.0759
 -0.658916
   22.6224
  0.657778
   2.30459
-0.0668911
 -0.129527
  -33.0283
 -0.635113
   22.5986
  0.651369
   2.29818
-0.0275235
 -0.177134
  -33.0283
  -0.68272
   22.6224
  0.645876
   2.30459
-0.0275235
 -0.153331
  -33.0521
 -0.607342
   22.6502
  0.651369
     2.311
-0.0339322
  -0.153331
   -32.9767
  -0.658916
    22.5986
   0.651369
    2.30459
-0.00738186
 -0.129527
  -33.0005
 -0.607342
   22.6502
  0.645876
   2.30459
-0.0604824
 -0.177134
  -33.0283
 -0.635113
   22.5986
  0.651369
   2.29818
-0.0137906
 -0.153331
  -33.0005
  -0.68272
   22.5748
  0.651369
   2.30459
-0.0403408
 -0.129527
  -33.0005
 -0.658916
   22.5986
  0.664187
   2.29818
-0.0137906
 -0.129527
  -33.0759
 -0.635113
   22.5986
  0.657778
   2.29818
-0.0531582
 -0.153331
  -33.0005
 -0.658916
   22.5986
  0.651369
   2.30459
-0.0339322
 -0.204905
  -33.0521
 -0.635113
   22.5986
  0.651369
   2.29818
-0.0732998
 -0.153331
  -33.0521
 -0.658916
   22.5986
  0.651369
   2.30459
-0.0668911
 -0.153331
  -33.0521
 -0.658916
   22.6224
  0.664187
   2.30459
0.00543552
 -0.153331
  -33.0005
 -0.635113
   22.5986
  0.645876
   2.29818
-0.0668911
 -0.204905
  -33.1037
 -0.635113
   22.6224
  0.651369
   2.29818
-0.0211148
 -0.153331
  -33.0283
 -0.658916
   22.5986
  0.657778
   2.30459
-0.0403408
 -0.153331
  -33.0283
 -0.607342
   22.5986
  0.651369
     2.311
-0.0467495
  -0.153331
   -33.0283
   -0.68272
    22.5986
   0.651369
    2.29818
-0.00738186
 -0.153331
  -33.0521
 -0.658916
   22.5986
  0.657778
   2.29818
-0.0137906
 -0.177134
  -33.0283
 -0.635113
   22.5986
  0.651369
   2.30459
-0.0339322
 -0.177134
  -33.0521
  -0.68272
   22.5986
  0.651369
   2.30459
-0.0668911
   -0.153331
    -33.0521
   -0.607342
     22.5986
    0.657778
     2.30459
-0.000973172
 -0.129527
  -33.0521
 -0.635113
   22.6224
  0.664187
   2.29818
-0.0861172
 -0.153331
  -32.9529
 -0.658916
   22.6224
  0.657778
   2.29818
-0.0137906
 -0.177134
  -33.0283
 -0.658916
   22.5986
  0.651369
   2.30459
-0.0211148
 -0.129527
  -33.0521
 -0.635113
   22.5986
  0.645876
     2.311
-0.0732998
 -0.153331
  -33.0759
 -0.607342
   22.5748
  0.657778
   2.30459
-0.0137906
 -0.177134
  -33.0283
 -0.635113
   22.6224
  0.651369
   2.29818
-0.0467495
 -0.177134
  -33.0521
 -0.658916
   22.6224
  0.651369
   2.29818
-0.0211148
 -0.177134
  -33.0283
 -0.635113
    22.674
  0.651369
   2.29818
-0.0339322
-0.177134
 -33.0759
-0.658916
  22.5986
 0.657778
  2.30459
0.0118442
 -0.153331
  -33.1037
  -0.68272
   22.5986
  0.645876
   2.29818
-0.0467495
 -0.204905
  -32.9767
 -0.635113
   22.5986
  0.657778
   2.30459
-0.0467495
-0.228709
 -33.0521
-0.635113
  22.5986
 0.651369
  2.29818
0.0118442
 -0.228709
  -33.0283
  -0.68272
   22.6224
  0.657778
     2.311
-0.0531582
   -0.129527
    -33.0005
   -0.658916
     22.5986
    0.651369
     2.30459
-0.000973172
 -0.129527
  -33.0283
 -0.635113
   22.6502
  0.639467
   2.30459
-0.0339322
 -0.177134
  -33.0521
 -0.607342
   22.6224
  0.651369
   2.31741
-0.0531582
 -0.204905
  -33.0283
 -0.658916
   22.5748
  0.657778
   2.30459
-0.0467495
 -0.177134
  -33.0759
 -0.635113
   22.5748
  0.645876
   2.29818
-0.0339322
 -0.153331
  -33.0521
 -0.658916
   22.5748
  0.651369
   2.29177
-0.0211148
 -0.153331
  -33.0521
 -0.658916
   22.6224
  0.657778
   2.30459
-0.0467495
 -0.204905
  -33.0759
 -0.658916
    22.551
  0.651369
     2.311
0.00543552
 -0.204905
  -33.0759
 -0.635113
   22.5986
  0.651369
   2.30459
-0.0732998
 -0.177134
  -33.0283
 -0.607342
   22.5986
  0.657778
   2.30459
-0.0339322
  -0.204905
   -33.0283
   -0.68272
    22.5748
   0.657778
    2.30459
-0.00738186
 -0.177134
  -33.0283
 -0.635113
   22.6224
  0.639467
   2.29818
-0.0275235
  -0.177134
   -33.0521
  -0.635113
    22.5986
   0.651369
    2.30459
-0.00738186
 -0.204905
  -33.0005
 -0.658916
   22.6224
  0.645876
   2.29177
-0.0531582
 -0.177134
  -33.0759
 -0.635113
   22.6224
  0.657778
   2.30459
-0.0339322
 -0.129527
  -33.0005
 -0.607342
   22.5986
  0.664187
   2.29818
-0.0467495
 -0.177134
  -33.0283
 -0.635113
   22.5986
  0.651369
     2.311
-0.0211148
 -0.177134
  -33.0759
 -0.710491
   22.6224
  0.645876
   2.29818
-0.0339322
 -0.177134
  -33.0283
  -0.68272
   22.5986
  0.664187
   2.30459
-0.0403408
 -0.177134
  -33.0283
 -0.635113
   22.5748
  0.657778
   2.31741
-0.0211148
 -0.204905
  -33.0005
 -0.658916
   22.6224
  0.651369
   2.30459
-0.0668911
 -0.177134
  -33.0521
 -0.635113
   22.6224
  0.645876
   2.30459
0.00543552
 -0.177134
  -33.0759
 -0.607342
   22.6502
  0.657778
   2.29177
-0.0275235
 -0.177134
  -33.0283
 -0.607342
   22.5986
   0.66968
   2.29818
-0.0137906
 -0.153331
  -32.9767
 -0.635113
   22.6224
  0.657778
   2.29818
-0.0275235
 -0.153331
  -33.0521
 -0.658916
   22.5748
  0.651369
   2.30459
-0.0467495
 -0.177134
  -33.0005
 -0.635113
   22.5748
  0.664187
   2.30459
-0.0137906
 -0.228709
  -33.0005
  -0.68272
   22.5986
  0.664187
   2.29818
-0.0275235
 -0.153331
  -33.0283
 -0.710491
   22.5986
  0.651369
   2.30459
-0.0137906
 -0.204905
  -33.0283
 -0.635113
   22.5986
  0.645876
   2.29177
-0.0732998
 -0.177134
  -33.0283
 -0.635113
   22.5986
  0.651369
   2.29818
-0.0467495
 -0.177134
  -33.0005
 -0.635113
   22.5986
  0.657778
   2.30459
-0.0275235
 -0.228709
  -33.0283
 -0.710491
   22.6224
  0.657778
   2.30459
-0.0403408
   -0.204905
    -33.0283
   -0.658916
     22.6224
    0.645876
     2.29177
-0.000973172
 -0.177134
  -33.0521
  -0.68272
   22.5986
  0.639467
   2.30459
-0.0467495
   -0.177134
    -33.0759
   -0.658916
     22.5986
    0.657778
     2.30459
-0.000973172
 -0.204905
  -33.0283
 -0.607342
   22.6224
  0.657778
   2.29177
-0.0531582
 -0.153331
  -33.0521
 -0.607342
   22.6224
  0.645876
   2.29177
0.00543552
 -0.153331
  -33.0005
 -0.635113
   22.5986
  0.657778
   2.29177
-0.0275235
-0.153331
 -33.0005
-0.635113
  22.6224
 0.651369
  2.30459
0.0118442
 -0.177134
  -33.0283
 -0.607342
   22.6224
  0.651369
   2.29818
-0.0275235
 -0.153331
  -33.0521
 -0.658916
   22.6224
  0.645876
   2.29818
-0.0861172
   -0.177134
    -33.0283
   -0.635113
     22.6224
    0.651369
     2.30459
-0.000973172
 -0.177134
  -33.1275
 -0.607342
   22.6502
  0.664187
   2.30459
-0.0668911
 -0.153331
  -33.0005
 -0.583538
   22.5748
  0.657778
   2.30459
-0.0137906
 -0.177134
  -33.0283
 -0.607342
    22.551
  0.657778
   2.29177
-0.0403408
 -0.153331
  -33.0759
 -0.607342
   22.6224
  0.651369
   2.30459
-0.0668911
 -0.153331
  -33.0759
 -0.635113
   22.6502
  0.651369
   2.30459
-0.0339322
 -0.204905
  -33.0005
 -0.658916
   22.6502
  0.664187
     2.311
-0.0531582
 -0.129527
  -33.0759
 -0.607342
   22.6502
  0.651369
     2.311
0.00543552
 -0.129527
  -33.0005
 -0.658916
   22.5986
  0.645876
   2.29818
-0.0732998
 -0.177134
  -33.0521
 -0.658916
   22.6224
  0.651369
   2.30459
0.00543552
 -0.153331
  -33.0283
 -0.658916
   22.6224
  0.657778
     2.311
-0.0531582
 -0.177134
  -33.0759
 -0.607342
   22.6224
  0.645876
     2.311
-0.0604824
-0.153331
 -33.0521
-0.658916
  22.6224
 0.651369
  2.29818
0.0118442
 -0.204905
  -33.0521
 -0.635113
   22.6224
  0.651369
   2.29177
-0.0339322
 -0.177134
  -33.0283
 -0.658916
   22.6224
  0.651369
   2.29818
-0.0137906
 -0.153331
  -33.0521
 -0.635113
   22.5986
  0.657778
   2.30459
-0.0403408
 -0.153331
  -33.0521
 -0.635113
   22.5986
  0.639467
   2.30459
-0.0275235
 -0.177134
  -33.0005
 -0.635113
   22.5986
  0.651369
   2.30459
-0.0339322
 -0.153331
  -33.0283
 -0.635113
   22.6224
  0.664187
   2.29818
-0.0211148
   -0.153331
    -33.0521
   -0.658916
     22.5986
    0.645876
     2.29818
-0.000973172
 -0.177134
  -32.9767
 -0.658916
   22.5986
  0.664187
     2.311
-0.0668911
-0.204905
 -33.0283
-0.658916
  22.6224
 0.645876
  2.30459
0.0182529
 -0.101756
  -32.9767
 -0.635113
   22.5986
  0.657778
   2.30459
-0.0467495
 -0.153331
  -33.0521
 -0.658916
   22.6224
  0.651369
   2.29818
-0.0531582
 -0.153331
  -33.0283
 -0.635113
   22.5986
  0.651369
   2.29818
0.00543552
 -0.204905
  -33.0283
 -0.583538
   22.5748
  0.651369
     2.311
-0.0732998
 -0.129527
  -33.0005
 -0.658916
   22.5986
  0.651369
   2.29818
-0.0137906
 -0.204905
  -33.0005
  -0.68272
   22.6224
  0.645876
   2.29177
-0.0467495
 -0.153331
  -33.0521
  -0.68272
   22.5748
  0.639467
   2.30459
-0.0275235
 -0.153331
  -33.0005
 -0.607342
   22.5986
  0.651369
   2.29177
-0.0604824
 -0.153331
  -33.0005
 -0.635113
   22.5986
  0.651369
     2.311
-0.0403408
 -0.177134
  -33.0521
 -0.658916
   22.5986
  0.664187
   2.30459
-0.0339322
 -0.228709
  -33.0521
 -0.635113
   22.5986
  0.645876
   2.30459
-0.0467495
   -0.177134
    -33.0283
   -0.635113
     22.6224
    0.651369
     2.29818
-0.000973172
 -0.177134
  -33.0521
 -0.658916
   22.5748
  0.651369
   2.30459
-0.0797085
 -0.129527
  -33.0005
 -0.635113
   22.5986
  0.657778
   2.29818
-0.0275235
 -0.204905
  -33.0005
 -0.635113
   22.6224
  0.645876
   2.29818
-0.0211148
 -0.204905
  -33.0005
 -0.658916
   22.5748
  0.664187
   2.27895
-0.0275235
 -0.177134
  -33.0283
 -0.658916
    22.674
  0.651369
   2.31741
-0.0275235
 -0.177134
  -33.0521
 -0.658916
   22.5986
  0.651369
   2.30459
-0.0531582
 -0.153331
  -33.0283
  -0.68272
   22.5748
  0.651369
   2.29818
-0.0403408
 -0.153331
  -33.0521
 -0.635113
   22.5986
  0.651369
   2.30459
-0.0467495
   -0.153331
    -33.0759
   -0.607342
     22.5986
    0.664187
     2.30459
-0.000973172
 -0.153331
  -33.0283
 -0.658916
   22.5986
  0.651369
     2.311
-0.0211148
 -0.177134
  -33.0759
 -0.607342
   22.5986
  0.651369
   2.29818
-0.0531582
-0.228709
 -33.0521
-0.710491
  22.5986
 0.657778
  2.31741
0.0182529
 -0.153331
  -33.0283
 -0.635113
   22.6224
  0.651369
     2.311
-0.0732998
   -0.177134
    -33.0521
   -0.658916
     22.6224
    0.651369
     2.29818
-0.000973172
 -0.177134
  -33.0759
 -0.635113
   22.6224
  0.651369
   2.30459
-0.0275235
 -0.177134
  -33.0759
 -0.635113
   22.5986
  0.633974
     2.311
-0.0137906
 -0.204905
  -33.0521
  -0.68272
   22.6224
  0.651369
     2.311
-0.0137906
 -0.177134
  -33.0521
 -0.658916
   22.6224
  0.651369
   2.30459
-0.0211148
 -0.177134
  -33.0283
 -0.658916
   22.5986
  0.651369
   2.29818
-0.0211148
 -0.177134
  -33.0283
 -0.658916
   22.5748
  0.657778
   2.29818
-0.0137906
   -0.177134
    -33.0521
   -0.658916
     22.5986
    0.651369
     2.29818
-0.000973172
 -0.129527
  -33.0521
 -0.635113
   22.6224
  0.651369
   2.29818
-0.0668911
 -0.153331
  -33.0283
 -0.635113
   22.5748
  0.664187
     2.311
-0.0275235
 -0.177134
  -33.0283
 -0.658916
   22.5986
  0.657778
   2.29818
-0.0467495
 -0.204905
  -33.0759
 -0.635113
   22.6224
  0.651369
   2.29177
-0.0604824
 -0.177134
  -33.0521
  -0.68272
   22.5748
  0.651369
   2.29818
-0.0137906
 -0.177134
  -33.0759
 -0.658916
   22.5986
  0.657778
     2.311
-0.0467495
 -0.177134
  -33.0283
 -0.658916
   22.5748
  0.639467
   2.29818
-0.0137906
 -0.204905
  -32.9767
 -0.635113
   22.6502
  0.657778
   2.30459
-0.0668911
 -0.204905
  -33.0283
 -0.658916
   22.6224
  0.657778
   2.29818
-0.0137906
 -0.153331
  -33.0283
 -0.607342
   22.5748
  0.645876
   2.29177
-0.0531582
-0.177134
 -33.0759
-0.635113
  22.5986
 0.664187
  2.30459
0.0182529
 -0.204905
  -33.0521
 -0.658916
   22.6224
  0.664187
   2.29818
-0.0275235
 -0.204905
  -33.0283
 -0.710491
   22.6224
  0.651369
   2.29818
-0.0668911
  -0.153331
   -33.0521
  -0.658916
    22.5748
   0.651369
    2.29177
-0.00738186
 -0.177134
  -33.0283
  -0.68272
   22.6224
  0.651369
     2.311
-0.0604824
 -0.204905
  -33.0521
 -0.635113
   22.6224
  0.657778
   2.29818
-0.0137906
 -0.204905
  -33.0521
 -0.635113
   22.5748
  0.651369
   2.30459
0.00543552
 -0.129527
  -33.0521
 -0.658916
   22.6224
  0.651369
   2.30459
-0.0604824
  -0.153331
   -33.0521
  -0.607342
    22.6224
   0.657778
    2.29818
-0.00738186
 -0.177134
  -33.0005
 -0.635113
   22.5986
  0.645876
   2.29818
-0.0467495
   -0.177134
    -33.0759
   -0.635113
     22.5986
    0.651369
     2.29818
-0.000973172
 -0.153331
  -33.0759
 -0.635113
   22.6502
  0.651369
   2.29177
-0.0211148
-0.177134
 -32.9767
-0.607342
  22.5986
 0.651369
  2.29818
0.0118442
 -0.204905
  -33.0521
 -0.658916
   22.6502
  0.651369
   2.30459
-0.0275235
 -0.129527
  -33.0283
 -0.583538
   22.5748
  0.651369
   2.30459
-0.0604824
-0.129527
 -33.0005
-0.635113
  22.6224
 0.651369
  2.29818
0.0182529
 -0.177134
  -33.0759
 -0.658916
   22.5986
  0.651369
   2.29177
-0.0531582
 -0.177134
  -33.0283
 -0.607342
   22.6224
  0.651369
   2.29818
-0.0211148
 -0.153331
  -33.0005
 -0.635113
   22.5986
  0.651369
   2.29177
-0.0275235
 -0.177134
  -33.0521
 -0.658916
   22.6224
  0.651369
   2.29818
-0.0797085
 -0.153331
  -33.0759
  -0.68272
   22.5986
  0.651369
   2.29818
-0.0531582
 -0.204905
  -33.0521
 -0.635113
   22.6224
  0.657778
   2.30459
-0.0531582
 -0.129527
  -33.0759
 -0.635113
   22.6502
  0.657778
   2.30459
-0.0275235
 -0.204905
  -33.0521
 -0.658916
    22.551
  0.645876
   2.29818
-0.0604824
 -0.177134
  -33.0521
 -0.635113
   22.6224
  0.651369
   2.29177
-0.0137906
 -0.204905
  -33.0521
 -0.635113
   22.6502
  0.645876
   2.29177
-0.0403408
 -0.153331
  -33.0005
 -0.607342
   22.5986
  0.651369
   2.30459
-0.0604824
   -0.204905
    -33.0521
   -0.635113
     22.6224
    0.645876
     2.30459
-0.000973172
 -0.204905
  -33.0759
 -0.658916
   22.6224
  0.657778
   2.30459
-0.0668911
 -0.129527
  -33.0005
 -0.607342
   22.6502
  0.651369
   2.29818
-0.0275235
 -0.177134
  -32.9767
 -0.607342
   22.5986
  0.645876
   2.29818
-0.0339322
 -0.204905
  -33.0521
 -0.658916
   22.6224
   0.66968
   2.30459
-0.0467495
 -0.129527
  -33.0521
 -0.635113
   22.5986
  0.657778
   2.30459
-0.0137906
 -0.177134
  -33.0005
 -0.635113
   22.5986
  0.645876
   2.29818
-0.0275235
 -0.204905
  -33.0283
 -0.607342
   22.6224
  0.651369
   2.30459
-0.0137906
 -0.204905
  -33.0005
  -0.68272
    22.674
  0.651369
   2.29177
-0.0604824
-0.153331
 -33.0283
-0.607342
  22.6224
 0.651369
  2.29177
0.0182529
 -0.177134
  -33.0283
 -0.607342
   22.6224
  0.657778
     2.311
-0.0211148
 -0.177134
  -33.0521
 -0.635113
   22.5986
  0.645876
   2.29818
-0.0531582
   -0.153331
    -33.0005
   -0.607342
     22.5986
    0.657778
     2.30459
-0.000973172
 -0.177134
  -33.0283
 -0.658916
   22.6502
  0.657778
   2.29818
-0.0467495
 -0.153331
  -33.0283
 -0.635113
   22.5986
  0.657778
   2.30459
-0.0211148
 -0.177134
  -32.9767
 -0.658916
   22.6224
  0.651369
   2.30459
-0.0211148
 -0.204905
  -33.0283
 -0.658916
   22.6224
  0.645876
     2.311
-0.0604824
 -0.153331
  -33.0005
 -0.635113
   22.6502
  0.651369
     2.311
-0.0211148
 -0.177134
  -33.0283
 -0.635113
   22.5986
  0.645876
   2.30459
-0.0531582
 -0.153331
  -33.0521
 -0.635113
   22.6224
  0.651369
   2.29818
-0.0137906
 -0.129527
  -33.0283
 -0.658916
   22.5986
  0.651369
   2.29177
-0.0467495
-0.177134
 -33.0005
-0.635113
  22.5986
 0.664187
  2.29818
0.0118442
 -0.153331
  -33.0283
 -0.710491
   22.5986
  0.657778
   2.30459
-0.0668911
 -0.153331
  -33.0521
 -0.658916
   22.6502
  0.651369
   2.30459
-0.0531582
 -0.204905
  -33.0759
 -0.658916
   22.6224
  0.645876
   2.30459
0.00543552
 -0.153331
  -33.0759
  -0.68272
   22.6224
  0.657778
   2.29818
-0.0467495
 -0.204905
  -33.0005
  -0.68272
   22.5986
  0.657778
   2.30459
0.00543552
 -0.204905
  -33.0283
 -0.658916
   22.5986
  0.657778
   2.30459
-0.0403408
 -0.177134
  -33.0283
 -0.607342
   22.5986
  0.657778
   2.30459
-0.0531582
