   -0.280284
    -31.9214
   -0.381206
     22.8961
    0.645876
     2.08669
-0.000973172
 -0.304087
   -31.973
 -0.353435
   22.8723
  0.645876
   2.08669
-0.0403408
 -0.252513
   -31.973
 -0.381206
   22.8723
  0.645876
   2.09951
-0.0604824
 -0.252513
  -31.9968
 -0.381206
   22.8961
  0.664187
   2.08669
-0.0732998
 -0.280284
  -31.8976
 -0.353435
   22.8485
  0.645876
   2.08669
-0.0339322
 -0.252513
  -31.9968
 -0.305828
   22.8961
  0.651369
    2.0931
-0.0137906
 -0.252513
  -31.9968
 -0.353435
   22.8485
  0.676088
    2.0931
-0.0403408
   -0.252513
    -31.9968
   -0.353435
     22.8723
    0.651369
     2.09951
-0.000973172
 -0.280284
   -31.973
 -0.329632
   22.8723
  0.657778
   2.08029
-0.0211148
 -0.280284
   -31.973
  -0.40501
   22.9239
  0.651369
   2.08669
-0.0531582
 -0.280284
  -31.9453
 -0.353435
   22.8485
   0.66968
    2.0931
-0.0275235
 -0.252513
   -31.973
 -0.353435
   22.8485
  0.657778
    2.0931
-0.0403408
 -0.252513
   -31.973
 -0.381206
   22.8961
   0.66968
   2.07388
-0.0467495
 -0.228709
   -31.973
 -0.353435
   22.8961
  0.651369
   2.08029
-0.0211148
 -0.280284
  -31.9214
 -0.353435
   22.8961
  0.657778
    2.0931
-0.0403408
 -0.252513
   -31.973
 -0.381206
   22.8723
  0.651369
    2.0931
-0.0137906
 -0.228709
  -31.9453
 -0.329632
   22.8961
   0.66968
   2.08669
-0.0211148
 -0.280284
  -31.9214
 -0.329632
   22.8723
  0.664187
   2.07388
-0.0339322
 -0.252513
  -31.9453
 -0.353435
   22.8961
  0.651369
   2.08029
-0.0339322
 -0.304087
  -31.9453
 -0.353435
   22.8961
  0.657778
    2.0931
-0.0732998
 -0.252513
   -31.973
 -0.329632
   22.8723
  0.657778
   2.08029
-0.0604824
 -0.252513
  -31.9968
 -0.381206
   22.8961
  0.645876
    2.0931
-0.0211148
 -0.228709
  -31.9968
 -0.353435
   22.8961
  0.657778
    2.0931
-0.0339322
 -0.304087
   -31.973
 -0.329632
   22.8723
   0.66968
   2.09951
0.00543552
   -0.252513
     -31.973
   -0.329632
     22.8485
     0.66968
      2.0931
-0.000973172
 -0.252513
  -31.9453
 -0.353435
   22.8723
  0.651369
   2.08669
-0.0531582
 -0.280284
  -32.0206
 -0.381206
   22.8961
  0.657778
   2.08029
-0.0339322
 -0.228709
  -31.9453
 -0.329632
   22.8723
  0.657778
    2.0931
-0.0604824
 -0.252513
   -31.973
 -0.305828
   22.8961
  0.657778
   2.08669
-0.0339322
   -0.252513
    -32.0206
   -0.353435
     22.8485
    0.651369
     2.08029
-0.000973172
 -0.280284
  -32.0206
 -0.329632
   22.8485
  0.657778
   2.08669
-0.0137906
 -0.327891
  -32.0206
 -0.329632
   22.8723
  0.664187
   2.08029
-0.0211148
 -0.228709
  -31.9453
 -0.381206
   22.8723
  0.657778
   2.08669
-0.0467495
 -0.228709
  -31.9968
 -0.329632
   22.8485
   0.66968
    2.0931
-0.0732998
 -0.252513
   -31.973
 -0.329632
   22.8485
  0.651369
   2.08029
-0.0467495
 -0.280284
  -31.9214
 -0.329632
   22.9477
  0.657778
   2.08029
-0.0339322
 -0.252513
   -31.973
 -0.329632
   22.8961
  0.657778
    2.0931
-0.0275235
 -0.228709
   -31.973
 -0.353435
   22.8723
  0.664187
    2.0931
-0.0137906
  -0.280284
    -31.973
  -0.353435
    22.8723
    0.66968
    2.08669
-0.00738186
   -0.252513
     -31.973
   -0.353435
     22.8961
     0.66968
     2.08029
-0.000973172
 -0.252513
  -31.9453
 -0.353435
   22.8723
  0.664187
   2.07388
-0.0339322
 -0.280284
  -31.9453
 -0.381206
   22.8961
  0.664187
   2.08669
-0.0467495
 -0.280284
   -31.973
 -0.329632
   22.8961
  0.651369
   2.08669
-0.0467495
 -0.252513
   -31.973
 -0.329632
   22.8961
  0.657778
   2.08669
-0.0732998
 -0.280284
   -31.973
 -0.329632
   22.8485
   0.66968
    2.0931
-0.0531582
 -0.228709
  -31.9968
 -0.329632
   22.9239
  0.651369
   2.08669
0.00543552
 -0.280284
  -31.9453
 -0.305828
   22.8723
  0.645876
   2.08029
0.00543552
 -0.252513
   -31.973
 -0.381206
   22.8961
  0.664187
   2.08669
0.00543552
 -0.304087
   -31.973
 -0.329632
   22.8247
  0.651369
    2.0931
-0.0403408
 -0.252513
  -31.9453
 -0.329632
   22.8961
  0.664187
    2.0931
-0.0604824
 -0.280284
   -31.973
 -0.353435
   22.8723
  0.651369
   2.07388
-0.0668911
 -0.304087
   -31.973
 -0.432781
   22.8247
  0.664187
   2.08669
-0.0211148
  -0.252513
   -31.9968
  -0.353435
    22.8961
   0.664187
    2.08669
-0.00738186
 -0.280284
  -31.9968
 -0.353435
   22.8961
  0.664187
    2.0931
-0.0339322
 -0.252513
   -31.973
 -0.353435
   22.8723
  0.664187
    2.0931
-0.0403408
 -0.252513
   -31.973
 -0.329632
   22.8723
  0.657778
   2.08669
-0.0403408
 -0.280284
  -31.9453
 -0.353435
   22.8723
  0.657778
   2.09951
-0.0531582
 -0.252513
   -31.973
 -0.353435
   22.8961
  0.664187
   2.08669
-0.0531582
 -0.252513
   -31.973
 -0.353435
   22.8723
  0.657778
   2.08669
-0.0339322
 -0.280284
  -32.0206
 -0.353435
   22.8961
  0.664187
   2.08669
-0.0403408
 -0.228709
  -31.9968
 -0.353435
   22.8485
  0.664187
   2.10592
0.00543552
 -0.252513
   -31.973
 -0.353435
   22.8723
  0.664187
   2.08669
0.00543552
 -0.304087
  -31.9453
 -0.381206
   22.8723
  0.657778
   2.08029
-0.0339322
 -0.327891
  -31.9214
 -0.353435
   22.8723
  0.657778
    2.0931
-0.0604824
 -0.252513
  -31.8976
 -0.353435
   22.8723
   0.66968
   2.08669
-0.0668911
 -0.280284
  -31.9968
 -0.353435
   22.8247
  0.664187
    2.0931
-0.0531582
   -0.280284
     -31.973
   -0.329632
     22.8723
    0.657778
     2.08669
-0.000973172
 -0.252513
  -31.9453
 -0.353435
   22.8723
  0.664187
   2.08669
-0.0275235
 -0.252513
  -31.9968
 -0.381206
   22.8961
  0.657778
   2.08669
0.00543552
 -0.228709
   -31.973
 -0.278057
   22.8485
   0.66968
   2.08029
-0.0275235
 -0.280284
  -31.9453
 -0.353435
   22.8961
  0.657778
   2.09951
-0.0604824
 -0.252513
   -31.973
 -0.329632
   22.8485
  0.657778
   2.08029
-0.0467495
 -0.280284
  -31.9453
 -0.353435
   22.8723
  0.645876
   2.08029
-0.0403408
 -0.280284
   -31.973
 -0.353435
   22.9239
  0.651369
   2.08669
-0.0467495
 -0.252513
  -31.9968
 -0.329632
   22.8485
  0.657778
    2.0931
-0.0211148
 -0.280284
  -31.9453
 -0.329632
   22.8723
  0.657778
   2.09951
-0.0403408
 -0.252513
   -31.973
 -0.353435
   22.8723
  0.657778
   2.08669
0.00543552
  -0.280284
   -31.9453
  -0.353435
    22.8485
   0.664187
     2.0931
-0.00738186
 -0.204905
   -31.973
 -0.305828
   22.8961
  0.664187
   2.07388
-0.0403408
 -0.304087
  -31.9453
 -0.381206
   22.8723
  0.664187
   2.08029
-0.0339322
 -0.252513
  -31.9968
 -0.329632
   22.8723
   0.66968
   2.08669
-0.0668911
 -0.228709
  -31.9968
 -0.353435
   22.8723
  0.657778
   2.08029
-0.0668911
 -0.252513
   -31.973
 -0.381206
   22.8723
  0.651369
   2.08669
-0.0339322
 -0.252513
  -31.9453
 -0.381206
   22.8961
  0.657778
   2.08029
-0.0137906
 -0.280284
  -31.9968
 -0.353435
   22.8723
  0.651369
    2.0931
0.00543552
 -0.304087
   -31.973
 -0.381206
   22.8723
  0.651369
   2.08669
-0.0137906
 -0.252513
  -31.9968
 -0.329632
   22.8723
  0.657778
    2.0931
-0.0531582
 -0.304087
  -31.9214
 -0.381206
   22.8961
  0.651369
   2.08669
-0.0668911
 -0.304087
   -31.973
 -0.381206
   22.8723
  0.657778
   2.08669
-0.0668911
 -0.252513
  -31.9214
 -0.381206
   22.8247
  0.651369
   2.08669
-0.0339322
-0.280284
 -31.9453
-0.353435
  22.8485
 0.657778
  2.08669
0.0118442
-0.280284
 -31.9453
 -0.40501
  22.8723
 0.657778
   2.0931
0.0118442
-0.280284
  -31.973
-0.353435
  22.8723
 0.664187
  2.08669
0.0118442
 -0.280284
  -31.9453
 -0.381206
   22.8723
  0.651369
   2.08029
-0.0403408
 -0.280284
   -31.973
 -0.432781
   22.8723
  0.657778
   2.08029
-0.0797085
 -0.252513
   -31.973
 -0.329632
   22.8961
  0.664187
    2.0931
-0.0531582
 -0.304087
  -31.9453
 -0.353435
   22.8723
  0.651369
   2.08029
-0.0339322
 -0.252513
   -31.973
 -0.353435
   22.8961
  0.651369
    2.0931
-0.0275235
  -0.228709
   -31.9453
  -0.305828
    22.8961
   0.651369
    2.08669
-0.00738186
 -0.252513
   -31.973
 -0.329632
   22.8723
  0.651369
    2.0931
-0.0137906
 -0.280284
   -31.973
 -0.381206
   22.8723
  0.651369
   2.08029
-0.0137906
 -0.280284
  -31.9214
 -0.381206
   22.8485
  0.664187
   2.08029
-0.0339322
 -0.228709
   -31.973
 -0.353435
   22.8485
  0.657778
    2.0931
-0.0403408
 -0.280284
  -31.9453
 -0.381206
   22.8723
  0.664187
    2.0931
-0.0403408
 -0.280284
  -31.9453
 -0.305828
   22.8485
  0.651369
    2.0931
-0.0137906
 -0.280284
   -31.973
 -0.353435
   22.8723
   0.66968
   2.08669
0.00543552
  -0.252513
   -31.9214
  -0.353435
    22.8961
    0.66968
    2.09951
-0.00738186
   -0.304087
    -31.9453
   -0.329632
     22.8247
     0.66968
     2.08669
-0.000973172
 -0.252513
  -31.9453
 -0.381206
   22.8961
  0.651369
   2.08029
-0.0467495
 -0.252513
  -31.9968
 -0.353435
   22.8485
  0.657778
    2.0931
-0.0668911
 -0.228709
  -31.9968
 -0.353435
   22.8961
  0.664187
   2.08669
-0.0797085
 -0.252513
   -31.973
  -0.40501
   22.8961
  0.651369
   2.08669
-0.0604824
   -0.280284
     -31.973
   -0.353435
     22.8485
    0.664187
      2.0931
-0.000973172
-0.252513
  -31.973
-0.381206
  22.8723
 0.657778
  2.08669
0.0255771
   -0.252513
    -31.9968
   -0.329632
     22.8961
    0.664187
      2.0931
-0.000973172
 -0.228709
   -31.973
 -0.329632
   22.8961
  0.657778
   2.08669
-0.0275235
 -0.228709
  -31.9968
 -0.305828
   22.8723
  0.657778
    2.0931
-0.0467495
 -0.228709
  -31.9968
 -0.353435
   22.8961
  0.664187
    2.0931
-0.0531582
 -0.280284
  -31.9214
 -0.329632
   22.8723
  0.657778
    2.0931
-0.0403408
 -0.252513
  -31.9968
 -0.381206
   22.8961
  0.664187
   2.08669
-0.0467495
 -0.252513
  -31.9968
 -0.329632
   22.8961
  0.657778
   2.08669
-0.0403408
 -0.252513
  -31.9214
 -0.353435
   22.8485
  0.657778
   2.10592
-0.0137906
 -0.280284
  -31.9968
 -0.353435
   22.8723
  0.657778
   2.09951
-0.0211148
   -0.228709
     -31.973
    -0.40501
     22.8723
    0.664187
     2.08029
-0.000973172
  -0.252513
   -31.9453
  -0.353435
    22.8485
   0.657778
     2.0931
-0.00738186
 -0.280284
  -31.9453
 -0.353435
   22.9239
  0.664187
   2.08669
-0.0403408
 -0.252513
   -31.973
 -0.353435
   22.8961
  0.664187
   2.08029
-0.0403408
 -0.252513
  -31.9968
 -0.329632
   22.8485
  0.657778
    2.0931
-0.0668911
 -0.252513
   -31.973
  -0.40501
   22.8485
  0.664187
    2.0931
-0.0531582
-0.280284
  -31.973
-0.329632
  22.8723
 0.657778
   2.0931
0.0182529
 -0.280284
  -32.0206
 -0.329632
   22.9239
  0.645876
   2.08669
-0.0137906
-0.280284
 -31.9453
-0.353435
  22.8485
 0.657778
  2.08029
0.0118442
 -0.280284
  -31.9968
 -0.329632
   22.8723
   0.66968
   2.09951
-0.0467495
 -0.280284
   -31.973
  -0.40501
   22.9239
  0.651369
   2.08669
-0.0604824
 -0.280284
   -31.973
 -0.329632
   22.8723
  0.657778
   2.08669
-0.0531582
 -0.228709
  -32.0206
 -0.329632
   22.8723
  0.645876
    2.0931
-0.0339322
 -0.228709
   -31.973
 -0.329632
   22.8961
   0.66968
    2.0931
-0.0339322
  -0.280284
   -31.9214
  -0.329632
    22.8485
   0.657778
    2.08669
-0.00738186
 -0.304087
  -31.9968
 -0.353435
   22.9477
  0.664187
   2.07388
-0.0403408
   -0.252513
     -31.973
   -0.329632
     22.8961
    0.657778
      2.0931
-0.000973172
  -0.252513
    -31.973
  -0.381206
    22.8961
   0.657778
    2.09951
-0.00738186
 -0.252513
  -31.9453
 -0.353435
   22.8723
  0.651369
   2.09951
-0.0275235
 -0.252513
  -31.9968
 -0.305828
   22.8485
  0.657778
    2.0931
-0.0211148
 -0.280284
  -31.9453
 -0.329632
   22.8723
  0.664187
    2.0931
-0.0668911
 -0.280284
  -31.9968
 -0.353435
   22.8485
  0.651369
   2.08029
-0.0732998
 -0.252513
   -31.973
 -0.329632
   22.8485
  0.657778
   2.08669
-0.0275235
 -0.252513
  -31.9453
 -0.353435
   22.8723
  0.664187
   2.08669
-0.0211148
 -0.252513
   -31.973
 -0.353435
   22.8723
   0.66968
   2.08669
0.00543552
   -0.280284
     -31.973
   -0.353435
     22.8723
    0.664187
      2.0931
-0.000973172
 -0.280284
  -31.9453
 -0.353435
   22.8723
  0.664187
   2.08029
-0.0403408
 -0.252513
  -31.9968
  -0.40501
   22.8723
  0.657778
   2.08669
-0.0403408
 -0.228709
  -31.9453
 -0.353435
   22.8961
   0.66968
    2.0931
-0.0339322
 -0.228709
  -32.0206
 -0.353435
   22.9239
  0.657778
   2.08669
-0.0403408
 -0.252513
   -31.973
 -0.353435
   22.9239
  0.657778
   2.08669
-0.0339322
 -0.252513
  -31.9968
 -0.329632
   22.8961
  0.664187
   2.08029
-0.0668911
 -0.280284
   -31.973
 -0.329632
   22.8723
  0.657778
    2.0931
-0.0275235
 -0.280284
   -31.973
 -0.329632
   22.8961
  0.664187
    2.0931
0.00543552
 -0.252513
   -31.973
 -0.353435
   22.8723
   0.66968
   2.08669
-0.0339322
   -0.280284
    -31.9968
   -0.381206
     22.8961
    0.657778
     2.08029
-0.000973172
 -0.252513
   -31.973
 -0.353435
   22.8961
  0.651369
   2.09951
-0.0403408
 -0.280284
  -31.9453
 -0.353435
   22.8723
  0.657778
    2.0931
-0.0668911
 -0.252513
  -32.0206
 -0.381206
   22.8961
  0.657778
   2.08669
-0.0339322
 -0.304087
  -31.9453
 -0.329632
   22.8723
  0.657778
   2.09951
-0.0403408
 -0.252513
  -32.0206
 -0.329632
   22.8961
   0.66968
   2.08669
0.00543552
-0.252513
 -31.9214
-0.329632
  22.8961
 0.664187
  2.08669
0.0118442
 -0.280284
  -31.9453
 -0.353435
   22.8723
  0.657778
    2.0931
-0.0339322
 -0.177134
   -31.973
 -0.353435
   22.8485
  0.676088
    2.0931
-0.0339322
 -0.252513
  -31.9453
 -0.381206
   22.8723
  0.657778
   2.08669
-0.0668911
 -0.252513
  -31.9453
 -0.381206
   22.8723
  0.664187
    2.0931
-0.0604824
 -0.280284
   -31.973
 -0.381206
   22.8485
  0.651369
   2.08029
-0.0275235
 -0.280284
  -31.9453
 -0.329632
   22.8723
  0.651369
   2.08669
-0.0275235
  -0.280284
    -31.973
  -0.329632
    22.8961
   0.664187
    2.08669
-0.00738186
 -0.228709
  -31.9214
 -0.381206
   22.8723
  0.651369
   2.08029
-0.0137906
 -0.252513
   -31.973
 -0.353435
   22.8723
  0.657778
   2.09951
-0.0339322
 -0.252513
  -31.9968
 -0.353435
   22.9239
  0.664187
   2.08029
-0.0137906
 -0.252513
  -31.9453
 -0.353435
   22.8723
  0.657778
    2.0931
-0.0275235
 -0.304087
  -31.9453
  -0.40501
   22.8961
  0.657778
    2.0931
-0.0531582
 -0.252513
   -31.973
 -0.329632
   22.8723
  0.664187
    2.0931
-0.0403408
 -0.280284
   -31.973
 -0.329632
   22.8723
  0.664187
   2.08669
-0.0604824
 -0.228709
  -31.9214
 -0.353435
   22.8485
  0.657778
   2.09951
-0.0211148
 -0.280284
  -31.9453
 -0.353435
   22.8723
  0.657778
   2.08669
0.00543552
  -0.304087
    -31.973
  -0.353435
    22.8723
   0.657778
    2.08029
-0.00738186
   -0.252513
     -31.973
   -0.353435
     22.8485
    0.657778
     2.08029
-0.000973172
 -0.252513
  -31.9214
 -0.353435
   22.8485
  0.657778
   2.08029
-0.0531582
 -0.304087
  -31.9968
 -0.353435
   22.8485
  0.657778
   2.08669
-0.0668911
 -0.252513
  -31.9453
 -0.353435
   22.8723
  0.664187
   2.08029
-0.0531582
 -0.280284
  -31.9968
 -0.353435
   22.8723
  0.664187
   2.07388
-0.0467495
 -0.304087
   -31.973
 -0.381206
   22.8961
   0.66968
    2.0931
0.00543552
 -0.280284
  -31.9453
 -0.381206
   22.8961
  0.664187
    2.0931
0.00543552
 -0.280284
  -32.0206
 -0.353435
   22.8961
  0.664187
   2.08669
-0.0339322
 -0.280284
  -31.9453
 -0.381206
   22.8485
  0.651369
   2.08669
-0.0339322
 -0.252513
  -31.9453
 -0.353435
   22.8485
  0.657778
    2.0931
-0.0668911
 -0.280284
  -32.0206
 -0.353435
   22.8961
  0.664187
    2.0931
-0.0604824
-0.280284
  -31.973
-0.329632
  22.8485
 0.645876
  2.08029
0.0118442
  -0.304087
   -31.9968
  -0.329632
    22.9239
   0.664187
     2.0931
-0.00738186
   -0.252513
    -31.9214
   -0.381206
     22.8961
    0.657778
      2.0931
-0.000973172
 -0.280284
   -31.973
 -0.305828
   22.8485
  0.664187
   2.09951
-0.0403408
 -0.204905
   -31.973
 -0.329632
   22.8961
   0.66968
   2.09951
-0.0668911
 -0.280284
  -31.8976
 -0.329632
   22.8485
  0.657778
   2.08669
-0.0467495
 -0.280284
  -31.9453
 -0.353435
   22.8723
  0.664187
    2.0931
-0.0339322
 -0.280284
   -31.973
 -0.353435
   22.8485
  0.657778
   2.08029
-0.0211148
   -0.280284
     -31.973
   -0.329632
     22.8485
    0.664187
      2.0931
-0.000973172
 -0.304087
   -31.973
 -0.353435
   22.8723
  0.657778
    2.0931
-0.0339322
  -0.252513
    -31.973
  -0.353435
    22.8961
   0.664187
    2.08029
-0.00738186
 -0.280284
  -31.9214
 -0.353435
   22.8723
  0.664187
   2.09951
-0.0137906
 -0.252513
   -31.973
 -0.329632
   22.8723
  0.657778
   2.09951
-0.0403408
 -0.252513
  -31.9453
 -0.329632
   22.8485
  0.657778
   2.08029
-0.0275235
 -0.280284
   -31.973
 -0.353435
   22.8723
  0.651369
   2.09951
-0.0668911
 -0.280284
   -31.973
 -0.329632
   22.9239
  0.657778
    2.0931
-0.0668911
 -0.304087
   -31.973
 -0.381206
   22.8723
   0.66968
   2.08669
-0.0275235
 -0.228709
  -32.0206
 -0.329632
   22.8961
  0.651369
   2.08669
-0.0275235
 -0.252513
   -31.973
 -0.353435
   22.8961
  0.651369
    2.0931
0.00543552
 -0.252513
   -31.973
 -0.353435
   22.8247
  0.657778
   2.07388
0.00543552
 -0.252513
  -31.9968
 -0.381206
   22.8723
   0.66968
   2.08669
-0.0403408
 -0.228709
  -32.0206
 -0.381206
   22.8961
  0.651369
   2.08669
-0.0467495
 -0.280284
  -31.8976
 -0.329632
   22.8723
  0.664187
   2.08029
-0.0797085
 -0.304087
  -31.9453
 -0.381206
   22.8961
  0.657778
   2.06747
-0.0467495
  -0.252513
   -31.9453
  -0.353435
    22.8485
   0.651369
    2.08669
-0.00738186
 -0.304087
  -31.9968
 -0.329632
   22.8961
   0.66968
    2.0931
-0.0137906
 -0.252513
   -31.973
 -0.353435
   22.8961
  0.657778
    2.0931
0.00543552
 -0.252513
   -31.973
 -0.305828
   22.8723
  0.657778
   2.10592
-0.0211148
 -0.252513
  -32.0206
 -0.329632
   22.8961
  0.664187
    2.0931
-0.0467495
 -0.204905
   -31.973
 -0.329632
   22.8723
   0.66968
    2.0931
-0.0403408
 -0.304087
  -31.9214
 -0.381206
   22.8961
   0.66968
   2.08029
-0.0339322
 -0.228709
  -31.9453
 -0.381206
   22.8723
  0.645876
    2.0931
-0.0403408
 -0.280284
   -31.973
 -0.353435
   22.8485
  0.676088
    2.0931
-0.0275235
 -0.280284
  -31.9968
 -0.353435
   22.8961
  0.657778
   2.08669
-0.0531582
  -0.252513
   -31.9968
  -0.381206
    22.8961
   0.657778
    2.07388
-0.00738186
 -0.304087
   -31.973
 -0.329632
   22.9239
  0.657778
    2.0931
0.00543552
 -0.280284
  -31.9968
 -0.353435
   22.8961
  0.657778
   2.08669
-0.0275235
 -0.252513
  -31.9453
 -0.329632
   22.9477
  0.651369
   2.07388
-0.0137906
 -0.304087
  -31.9968
 -0.353435
   22.8723
  0.664187
   2.08029
-0.0531582
 -0.252513
  -31.9453
 -0.353435
   22.8723
  0.657778
   2.08669
-0.0732998
 -0.252513
  -31.8976
 -0.305828
   22.8723
  0.664187
   2.08669
-0.0403408
 -0.280284
  -32.0206
 -0.353435
   22.8961
  0.657778
   2.08029
-0.0467495
 -0.280284
  -31.9968
 -0.381206
   22.8723
  0.645876
   2.07388
0.00543552
 -0.252513
  -31.9968
 -0.329632
   22.8723
  0.657778
   2.08669
0.00543552
 -0.228709
  -31.9214
 -0.353435
   22.8723
   0.66968
   2.08029
-0.0339322
 -0.252513
   -31.973
 -0.353435
   22.8961
  0.651369
    2.0931
-0.0531582
 -0.280284
   -31.973
 -0.353435
   22.8723
  0.664187
   2.07388
-0.0732998
 -0.228709
   -31.973
 -0.381206
   22.8723
  0.651369
   2.08669
-0.0339322
  -0.252513
   -31.9453
  -0.329632
    22.8961
   0.657778
    2.08029
-0.00738186
 -0.280284
   -31.973
 -0.381206
   22.9239
  0.657778
   2.07388
-0.0211148
  -0.252513
   -31.9214
  -0.353435
    22.8961
   0.664187
    2.08029
-0.00738186
 -0.252513
   -31.973
 -0.329632
   22.9239
  0.657778
    2.0931
-0.0137906
 -0.252513
  -31.9453
 -0.329632
   22.8723
  0.664187
   2.10592
-0.0339322
  -0.280284
   -31.9968
  -0.353435
    22.8485
   0.657778
    2.08669
-0.00738186
 -0.280284
   -31.973
 -0.353435
   22.8961
   0.66968
   2.08029
-0.0275235
 -0.252513
  -31.9214
 -0.353435
   22.8485
  0.657778
    2.0931
-0.0604824
 -0.252513
  -31.9453
 -0.353435
   22.8485
  0.664187
    2.0931
-0.0531582
 -0.228709
   -31.973
 -0.353435
   22.8961
  0.664187
   2.08029
-0.0275235
 -0.280284
   -31.973
 -0.329632
   22.8961
  0.664187
   2.09951
0.00543552
  -0.252513
    -31.973
  -0.353435
    22.8961
   0.645876
     2.0931
-0.00738186
 -0.228709
  -31.9453
 -0.329632
   22.8723
  0.664187
    2.0931
-0.0467495
 -0.280284
  -31.9968
 -0.353435
   22.8961
  0.657778
   2.08669
-0.0275235
 -0.252513
   -31.973
 -0.329632
   22.8961
  0.657778
   2.08029
-0.0668911
 -0.252513
   -31.973
 -0.305828
   22.8247
  0.657778
    2.0931
-0.0604824
  -0.228709
   -31.9453
  -0.329632
    22.8961
   0.664187
    2.08029
-0.00738186
  -0.280284
   -31.9453
  -0.329632
    22.8723
   0.651369
     2.0931
-0.00738186
-0.280284
  -31.973
-0.305828
  22.8247
 0.664187
  2.08029
0.0182529
 -0.327891
   -31.973
 -0.353435
   22.9239
  0.651369
   2.08669
-0.0211148
 -0.280284
  -31.9453
 -0.381206
   22.8723
  0.651369
   2.08669
-0.0604824
 -0.252513
   -31.973
 -0.353435
   22.8485
  0.664187
   2.08669
-0.0531582
 -0.252513
  -31.9453
 -0.329632
   22.8723
  0.657778
   2.08669
-0.0531582
 -0.252513
   -31.973
 -0.381206
   22.8723
  0.651369
   2.08669
-0.0275235
 -0.228709
  -31.9453
 -0.353435
   22.8485
  0.664187
   2.08669
0.00543552
 -0.228709
   -31.973
 -0.353435
   22.9239
  0.645876
    2.0931
-0.0211148
  -0.304087
   -31.9214
  -0.329632
    22.8961
   0.657778
    2.08669
-0.00738186
 -0.228709
  -31.9968
 -0.329632
   22.8723
  0.664187
   2.08669
-0.0275235
 -0.252513
  -31.9453
 -0.353435
   22.8723
  0.664187
    2.0931
-0.0403408
 -0.228709
   -31.973
 -0.353435
   22.8723
  0.657778
   2.08669
-0.0275235
 -0.252513
  -31.8699
 -0.381206
   22.8961
  0.651369
    2.0931
-0.0531582
 -0.280284
   -31.973
 -0.381206
   22.8961
  0.657778
   2.08669
-0.0668911
 -0.252513
  -31.9453
 -0.353435
   22.8723
  0.664187
   2.08669
-0.0467495
 -0.252513
  -31.9214
  -0.40501
   22.8961
  0.657778
   2.08669
-0.0604824
   -0.252513
    -31.9453
   -0.329632
     22.8485
     0.66968
     2.08669
-0.000973172
-0.280284
 -31.9453
-0.381206
  22.8723
  0.66968
   2.0931
0.0182529
 -0.252513
   -31.973
 -0.381206
   22.8961
  0.651369
   2.08029
-0.0211148
 -0.252513
  -32.0206
 -0.353435
   22.8961
   0.66968
   2.08669
-0.0339322
 -0.252513
  -31.9453
 -0.353435
   22.8485
  0.657778
    2.0931
-0.0732998
 -0.280284
   -31.973
 -0.329632
   22.8961
  0.664187
   2.08029
-0.0668911
  -0.280284
   -31.9968
  -0.353435
    22.8485
   0.657778
    2.08029
-0.00738186
 -0.304087
  -31.9968
 -0.353435
   22.8961
   0.66968
   2.08669
-0.0339322
   -0.280284
     -31.973
   -0.353435
     22.8961
     0.66968
      2.0931
-0.000973172
  -0.280284
   -31.9968
   -0.40501
    22.8247
   0.657778
    2.08029
-0.00738186
 -0.280284
  -31.9453
 -0.329632
   22.8723
  0.657778
   2.08669
-0.0137906
  -0.228709
   -31.9453
  -0.381206
    22.8723
    0.66968
    2.08669
-0.00738186
 -0.280284
  -31.9968
 -0.353435
   22.9239
  0.657778
   2.08669
-0.0339322
 -0.228709
  -31.9214
 -0.353435
   22.8485
  0.657778
    2.0931
-0.0467495
 -0.252513
   -31.973
 -0.329632
   22.8723
  0.657778
   2.08669
-0.0467495
 -0.228709
  -31.9453
 -0.381206
   22.8961
  0.664187
    2.0931
-0.0604824
 -0.252513
  -32.0206
 -0.381206
   22.8485
  0.657778
    2.0931
-0.0137906
-0.280284
 -31.9968
-0.353435
  22.8723
 0.657778
  2.08669
0.0118442
 -0.280284
  -31.9453
 -0.381206
   22.8961
  0.664187
   2.10592
-0.0137906
  -0.252513
    -31.973
   -0.40501
    22.8723
   0.657778
    2.08669
-0.00738186
 -0.252513
  -31.9453
 -0.381206
   22.8485
  0.657778
   2.08029
-0.0604824
 -0.280284
  -31.9453
 -0.353435
   22.8723
  0.657778
   2.08669
-0.0668911
 -0.252513
   -31.973
 -0.329632
   22.8723
  0.664187
    2.0931
-0.0339322
 -0.252513
   -31.973
 -0.329632
   22.8723
  0.664187
   2.08669
-0.0339322
 -0.280284
  -31.9453
 -0.381206
   22.8961
  0.664187
    2.0931
0.00543552
   -0.280284
     -31.973
   -0.329632
     22.9239
    0.657778
     2.08669
-0.000973172
 -0.280284
   -31.973
 -0.329632
   22.8723
  0.657778
   2.08029
-0.0339322
 -0.280284
   -31.973
 -0.381206
   22.9239
  0.664187
   2.08669
-0.0211148
 -0.252513
  -31.9968
 -0.353435
   22.8485
  0.657778
   2.09951
-0.0403408
 -0.280284
   -31.973
 -0.353435
   22.8723
  0.664187
   2.08029
-0.0403408
 -0.252513
   -31.973
 -0.329632
   22.9239
  0.651369
   2.08669
-0.0339322
 -0.252513
   -31.973
 -0.353435
   22.8961
  0.657778
    2.0931
-0.0668911
 -0.228709
  -31.9968
 -0.381206
   22.8485
  0.657778
   2.08669
-0.0403408
   -0.327891
     -31.973
   -0.305828
     22.8485
    0.664187
     2.08669
-0.000973172
 -0.204905
   -31.973
 -0.329632
   22.8723
  0.664187
   2.08029
-0.0211148
 -0.280284
  -32.0206
 -0.305828
   22.8961
  0.657778
    2.0931
0.00543552
 -0.252513
  -31.9453
 -0.353435
   22.9239
  0.657778
   2.08029
-0.0339322
 -0.252513
   -31.973
 -0.329632
   22.8723
  0.645876
   2.08669
-0.0732998
 -0.280284
   -31.973
 -0.353435
   22.8485
  0.664187
    2.0931
-0.0531582
 -0.228709
  -31.9453
 -0.353435
   22.8723
  0.651369
   2.08669
-0.0467495
 -0.252513
   -31.973
 -0.353435
   22.8485
  0.651369
   2.08029
-0.0137906
-0.280284
 -31.9214
-0.305828
  22.8961
 0.651369
  2.08029
0.0182529
 -0.280284
   -31.973
 -0.305828
   22.8961
  0.651369
   2.08669
-0.0137906
  -0.252513
   -31.9214
  -0.353435
    22.8485
   0.664187
     2.0931
-0.00738186
 -0.252513
   -31.973
 -0.353435
   22.8961
  0.664187
   2.08669
-0.0339322
 -0.252513
  -31.9453
 -0.353435
   22.8961
  0.657778
   2.08029
-0.0467495
 -0.280284
  -31.9214
 -0.305828
   22.8961
  0.657778
   2.08669
-0.0403408
 -0.252513
   -31.973
 -0.353435
   22.8723
  0.657778
   2.08669
-0.0604824
 -0.252513
   -31.973
 -0.353435
   22.8723
  0.664187
    2.0931
-0.0668911
 -0.252513
   -31.973
 -0.353435
   22.8961
   0.66968
   2.08669
-0.0339322
 -0.252513
   -31.973
 -0.329632
   22.8961
  0.664187
    2.0931
0.00543552
-0.228709
 -32.0206
-0.305828
  22.8485
 0.651369
  2.08029
0.0118442
   -0.280284
    -31.9453
   -0.305828
     22.8723
    0.664187
      2.0931
-0.000973172
 -0.252513
   -31.973
 -0.353435
   22.8961
  0.664187
   2.08669
-0.0467495
 -0.204905
   -31.973
 -0.329632
   22.8723
  0.651369
   2.09951
-0.0797085
 -0.280284
   -31.973
 -0.353435
   22.8485
  0.657778
   2.08029
-0.0732998
 -0.252513
   -31.973
 -0.353435
   22.8723
  0.664187
   2.08669
-0.0467495
 -0.280284
  -31.9453
 -0.353435
   22.8485
  0.657778
   2.08669
-0.0137906
-0.252513
 -31.9453
-0.353435
  22.8961
 0.651369
  2.08669
0.0118442
  -0.280284
    -31.973
  -0.329632
    22.8723
   0.651369
    2.08029
-0.00738186
   -0.204905
    -31.9453
   -0.329632
     22.8485
    0.664187
     2.08669
-0.000973172
 -0.280284
   -31.973
 -0.329632
   22.8723
  0.651369
    2.0931
-0.0403408
 -0.228709
   -31.973
 -0.329632
   22.8961
  0.664187
    2.0931
-0.0467495
 -0.252513
  -31.9453
 -0.381206
   22.8961
  0.657778
   2.08669
-0.0467495
 -0.280284
  -31.9968
 -0.329632
   22.8247
  0.657778
   2.08669
-0.0531582
 -0.228709
   -31.973
 -0.329632
   22.8723
  0.657778
   2.08029
-0.0275235
 -0.252513
  -31.9968
 -0.329632
   22.8485
  0.657778
   2.08029
-0.0137906
 -0.177134
   -31.973
 -0.305828
   22.8723
   0.66968
    2.0931
0.00543552
  -0.228709
    -31.973
  -0.353435
    22.8723
   0.651369
    2.08669
-0.00738186
 -0.280284
   -31.973
 -0.381206
   22.8485
  0.657778
   2.08669
-0.0211148
 -0.228709
  -31.9968
 -0.353435
   22.8247
  0.664187
    2.0931
-0.0531582
 -0.204905
  -31.9453
 -0.353435
   22.8723
  0.651369
   2.08669
-0.0604824
 -0.228709
   -31.973
 -0.353435
   22.8723
  0.651369
   2.08029
-0.0668911
 -0.280284
  -31.9214
 -0.353435
   22.8723
   0.66968
    2.0931
-0.0211148
-0.252513
 -31.9453
-0.329632
  22.8247
 0.657778
  2.08029
0.0255771
-0.252513
 -31.9968
-0.381206
  22.8485
 0.657778
  2.08669
0.0118442
 -0.280284
  -31.9968
 -0.329632
   22.8485
  0.664187
   2.08669
-0.0211148
 -0.252513
   -31.973
 -0.353435
   22.8723
  0.651369
    2.0931
-0.0467495
 -0.304087
  -31.9214
 -0.353435
   22.8485
  0.657778
   2.08669
-0.0668911
 -0.252513
   -31.973
 -0.305828
   22.8485
  0.651369
   2.09951
-0.0467495
 -0.280284
   -31.973
 -0.329632
   22.8961
  0.664187
   2.08029
-0.0403408
 -0.252513
  -31.9453
 -0.353435
   22.8485
  0.651369
   2.08669
-0.0137906
 -0.228709
   -31.973
 -0.329632
   22.8723
  0.657778
   2.08669
-0.0137906
 -0.252513
  -31.9453
 -0.329632
   22.9239
  0.651369
   2.08669
-0.0275235
 -0.280284
   -31.973
 -0.329632
   22.9239
  0.664187
    2.0931
-0.0137906
 -0.252513
   -31.973
 -0.353435
   22.8723
  0.664187
    2.0931
-0.0403408
 -0.252513
   -31.973
 -0.353435
   22.9239
  0.664187
   2.08669
-0.0467495
 -0.304087
   -31.973
 -0.353435
   22.8723
  0.664187
   2.08669
-0.0467495
 -0.252513
  -31.9214
 -0.381206
   22.8723
  0.651369
   2.09951
-0.0604824
 -0.280284
   -31.973
 -0.353435
   22.9239
  0.651369
   2.08669
-0.0211148
   -0.252513
     -31.973
   -0.329632
     22.8485
    0.657778
      2.0931
-0.000973172
   -0.228709
     -31.973
   -0.381206
     22.8723
     0.66968
     2.08669
-0.000973172
   -0.252513
    -31.9453
   -0.329632
     22.8723
    0.664187
     2.08669
-0.000973172
 -0.252513
  -31.9214
 -0.329632
   22.8723
  0.657778
   2.08669
-0.0467495
 -0.228709
  -31.9453
 -0.353435
   22.8723
  0.657778
   2.08669
-0.0668911
 -0.280284
  -31.9968
 -0.329632
   22.8723
  0.657778
    2.0931
-0.0732998
 -0.280284
  -31.9968
 -0.329632
   22.8723
  0.664187
   2.08029
-0.0403408
  -0.252513
   -31.8976
  -0.381206
    22.8723
    0.66968
     2.0931
-0.00738186
-0.304087
  -31.973
-0.329632
  22.8961
 0.651369
  2.08669
0.0255771
 -0.280284
  -31.9453
 -0.381206
   22.8961
  0.657778
   2.08669
-0.0137906
 -0.252513
  -31.9214
  -0.40501
   22.8961
  0.651369
   2.08669
-0.0137906
 -0.252513
  -31.9453
 -0.353435
   22.8485
  0.657778
   2.08029
-0.0531582
 -0.252513
  -31.9453
 -0.381206
   22.9239
  0.664187
    2.0931
-0.0531582
 -0.252513
  -31.9453
 -0.353435
   22.8723
  0.676088
    2.0931
-0.0339322
 -0.252513
  -31.9453
 -0.353435
   22.8723
  0.657778
   2.07388
-0.0604824
 -0.228709
  -31.9968
 -0.381206
   22.8485
  0.657778
   2.08669
-0.0211148
 -0.228709
   -31.973
 -0.353435
   22.8723
  0.657778
    2.0931
-0.0211148
   -0.252513
    -31.9214
   -0.329632
     22.8723
    0.657778
     2.08669
-0.000973172
  -0.252513
    -31.973
  -0.329632
    22.8485
   0.664187
    2.08669
-0.00738186
 -0.304087
  -31.9214
  -0.40501
   22.9239
  0.651369
   2.08029
-0.0339322
 -0.280284
  -31.9453
 -0.329632
   22.8723
  0.651369
   2.09951
-0.0604824
 -0.252513
   -31.973
 -0.353435
   22.8723
  0.657778
   2.08029
-0.0668911
 -0.252513
  -31.9968
 -0.353435
   22.8247
  0.664187
   2.08029
-0.0604824
  -0.228709
    -31.973
  -0.305828
    22.8723
   0.664187
    2.08669
-0.00738186
 -0.280284
   -31.973
 -0.353435
   22.8961
  0.651369
    2.0931
0.00543552
-0.252513
  -31.973
-0.353435
  22.8723
 0.657778
   2.0931
0.0118442
 -0.252513
   -31.973
 -0.353435
   22.8961
   0.66968
   2.08669
-0.0339322
 -0.252513
  -31.9453
 -0.381206
   22.8723
  0.651369
    2.0931
-0.0668911
 -0.252513
   -31.973
 -0.353435
   22.8247
  0.657778
   2.08669
-0.0604824
 -0.252513
   -31.973
 -0.353435
   22.8723
  0.664187
    2.0931
-0.0604824
 -0.280284
   -31.973
 -0.381206
   22.8723
  0.657778
   2.08029
-0.0211148
  -0.280284
    -31.973
  -0.353435
    22.8723
   0.651369
     2.0931
-0.00738186
  -0.252513
    -31.973
  -0.381206
    22.8723
   0.651369
     2.0931
-0.00738186
 -0.252513
   -31.973
 -0.305828
   22.8723
  0.651369
   2.08669
-0.0137906
 -0.280284
   -31.973
 -0.353435
   22.8485
  0.651369
   2.08669
-0.0211148
 -0.252513
  -31.9214
 -0.329632
   22.8247
  0.664187
    2.0931
-0.0403408
 -0.228709
  -31.9968
 -0.353435
   22.8961
  0.651369
   2.08669
-0.0339322
 -0.252513
  -31.9968
 -0.353435
   22.8961
  0.664187
   2.08669
-0.0531582
 -0.252513
  -31.9453
 -0.381206
   22.9239
   0.66968
    2.0931
-0.0604824
 -0.252513
  -31.9214
 -0.353435
   22.8485
  0.657778
   2.08669
-0.0211148
 -0.252513
   -31.973
 -0.329632
   22.8723
  0.657778
    2.0931
0.00543552
 -0.252513
   -31.973
 -0.329632
   22.8723
  0.657778
   2.08669
0.00543552
 -0.304087
  -31.9968
 -0.329632
   22.8723
  0.651369
   2.08029
-0.0211148
 -0.228709
  -31.9214
 -0.329632
   22.8723
  0.657778
    2.0931
-0.0531582
 -0.252513
  -31.9968
 -0.381206
   22.8961
  0.664187
   2.08669
-0.0668911
 -0.280284
  -32.0206
 -0.353435
   22.8723
   0.66968
   2.08029
-0.0668911
 -0.280284
  -31.9968
 -0.329632
   22.8961
  0.657778
    2.0931
-0.0339322
-0.252513
  -31.973
-0.381206
  22.8961
 0.657778
  2.09951
0.0182529
 -0.280284
  -31.9453
 -0.329632
   22.8961
  0.657778
   2.08669
0.00543552
 -0.252513
   -31.973
 -0.381206
   22.8723
  0.664187
   2.08029
0.00543552
 -0.280284
   -31.973
 -0.353435
   22.8723
  0.664187
   2.08669
-0.0339322
 -0.252513
   -31.973
 -0.353435
   22.8485
  0.664187
   2.08669
-0.0467495
 -0.228709
  -31.9968
 -0.381206
   22.8961
  0.651369
   2.08669
-0.0604824
 -0.228709
  -32.0206
 -0.353435
   22.8961
  0.657778
    2.0931
-0.0467495
 -0.280284
   -31.973
 -0.353435
   22.8961
  0.657778
    2.0931
-0.0403408
 -0.280284
   -31.973
 -0.305828
   22.8485
  0.651369
    2.0931
-0.0137906
 -0.228709
  -31.9453
 -0.381206
   22.8723
  0.657778
   2.09951
-0.0137906
   -0.280284
    -31.9453
   -0.329632
     22.8723
    0.651369
     2.08029
-0.000973172
  -0.252513
    -31.973
  -0.353435
    22.8247
   0.657778
    2.08029
-0.00738186
 -0.228709
  -31.9453
 -0.353435
   22.8723
  0.651369
    2.0931
-0.0339322
 -0.252513
  -31.9968
 -0.353435
   22.8485
  0.657778
   2.08669
-0.0668911
 -0.280284
  -31.9968
 -0.329632
   22.8723
  0.664187
   2.08669
-0.0732998
 -0.252513
   -31.973
 -0.381206
   22.8723
   0.66968
    2.0931
-0.0668911
  -0.252513
    -31.973
  -0.353435
    22.8723
   0.651369
    2.08029
-0.00738186
-0.228709
 -31.9453
-0.353435
  22.8485
 0.657778
  2.08669
0.0255771
 -0.280284
  -31.9968
 -0.329632
   22.8485
  0.651369
   2.09951
0.00543552
 -0.280284
  -31.9453
 -0.353435
   22.7969
  0.657778
   2.09951
-0.0275235
 -0.252513
   -31.973
 -0.353435
   22.8723
  0.657778
   2.08669
-0.0604824
 -0.304087
  -31.9453
 -0.353435
   22.8723
  0.657778
   2.08669
-0.0668911
 -0.280284
  -31.9453
 -0.329632
   22.8723
  0.664187
    2.0931
-0.0604824
 -0.280284
  -31.9968
 -0.329632
   22.8723
  0.657778
    2.0931
-0.0211148
 -0.304087
   -31.973
 -0.353435
   22.8485
  0.664187
   2.08669
-0.0137906
   -0.252513
     -31.973
   -0.278057
     22.8723
    0.657778
      2.0931
-0.000973172
  -0.280284
    -31.973
  -0.353435
    22.8485
    0.66968
    2.08029
-0.00738186
 -0.204905
  -31.9453
 -0.381206
   22.8723
  0.651369
   2.08029
-0.0339322
 -0.252513
   -31.973
 -0.353435
   22.8485
  0.657778
    2.0931
-0.0531582
 -0.228709
   -31.973
 -0.329632
   22.8485
  0.651369
    2.0931
-0.0403408
 -0.252513
  -31.9968
 -0.381206
   22.8485
  0.664187
   2.08669
-0.0467495
 -0.252513
   -31.973
  -0.40501
   22.8723
  0.664187
   2.08669
-0.0211148
  -0.228709
   -31.9968
  -0.353435
    22.8485
   0.657778
    2.08029
-0.00738186
 -0.280284
  -31.9214
 -0.353435
   22.8723
  0.657778
   2.09951
-0.0275235
   -0.252513
    -31.9453
   -0.353435
     22.8723
    0.657778
     2.09951
-0.000973172
 -0.252513
  -31.9968
 -0.305828
   22.8961
  0.657778
    2.0931
-0.0339322
 -0.280284
   -31.973
 -0.353435
   22.8723
  0.657778
    2.0931
-0.0467495
 -0.252513
  -31.9453
 -0.329632
   22.8961
  0.664187
   2.08029
-0.0403408
 -0.304087
  -31.9453
 -0.329632
   22.8485
  0.657778
   2.08669
-0.0604824
 -0.228709
   -31.973
 -0.329632
   22.8961
  0.657778
   2.08029
-0.0275235
-0.228709
 -31.9453
-0.329632
  22.8485
 0.651369
  2.08029
0.0255771
 -0.252513
  -31.9214
 -0.353435
   22.8961
  0.657778
   2.08669
0.00543552
   -0.204905
    -31.9453
   -0.353435
     22.8961
    0.651369
     2.08029
-0.000973172
 -0.228709
   -31.973
 -0.381206
   22.8961
  0.664187
   2.08029
-0.0403408
 -0.280284
   -31.973
 -0.329632
   22.8485
  0.664187
   2.08029
-0.0732998
 -0.252513
   -31.973
 -0.353435
   22.8485
  0.657778
   2.08669
-0.0531582
 -0.252513
  -31.9453
 -0.353435
   22.8485
  0.657778
   2.08669
-0.0403408
 -0.252513
   -31.973
 -0.329632
   22.8723
  0.657778
   2.08029
-0.0211148
 -0.252513
  -31.9453
 -0.353435
   22.8723
  0.664187
    2.0931
0.00543552
 -0.228709
  -31.9453
 -0.353435
   22.8247
  0.664187
    2.0931
-0.0339322
  -0.228709
    -31.973
  -0.329632
    22.8723
   0.664187
    2.08029
-0.00738186
 -0.252513
   -31.973
 -0.305828
   22.8723
  0.645876
   2.08669
-0.0467495
 -0.280284
  -31.9453
 -0.381206
   22.8961
  0.657778
    2.0931
-0.0403408
 -0.252513
   -31.973
 -0.381206
   22.8485
  0.651369
   2.09951
-0.0467495
 -0.280284
  -31.9453
 -0.381206
   22.8485
  0.664187
    2.0931
-0.0668911
 -0.228709
  -31.9453
 -0.353435
   22.8485
  0.664187
   2.08669
-0.0604824
 -0.228709
   -31.973
 -0.353435
   22.8485
  0.664187
   2.08669
0.00543552
 -0.252513
   -31.973
 -0.381206
   22.8961
  0.664187
    2.0931
0.00543552
-0.228709
 -31.9453
-0.381206
  22.8485
 0.664187
  2.08669
0.0182529
 -0.252513
  -31.9968
 -0.329632
   22.8961
  0.664187
    2.0931
-0.0275235
 -0.280284
   -31.973
 -0.329632
   22.8723
  0.664187
   2.08029
-0.0668911
 -0.252513
  -31.9453
  -0.40501
   22.8485
  0.664187
   2.07388
-0.0732998
 -0.304087
  -31.9453
 -0.381206
   22.8485
  0.651369
   2.08029
-0.0604824
 -0.304087
   -31.973
 -0.381206
   22.8961
  0.651369
   2.08669
-0.0339322
 -0.280284
   -31.973
 -0.381206
   22.8723
  0.664187
   2.09951
-0.0137906
 -0.252513
  -31.9968
 -0.329632
   22.8723
  0.651369
    2.0931
-0.0137906
 -0.280284
  -31.9214
  -0.40501
   22.9239
  0.657778
    2.0931
0.00543552
  -0.228709
   -32.0206
  -0.353435
    22.8723
   0.664187
     2.0931
-0.00738186
 -0.280284
  -31.9453
 -0.329632
   22.8485
   0.66968
   2.08669
-0.0339322
 -0.280284
  -31.9968
 -0.353435
   22.8247
  0.664187
   2.08669
-0.0531582
 -0.280284
  -31.9453
 -0.381206
   22.8485
  0.657778
   2.08669
-0.0467495
 -0.252513
  -31.9453
 -0.381206
   22.9239
  0.664187
   2.08669
-0.0668911
 -0.252513
  -31.9968
 -0.353435
   22.8723
  0.664187
   2.09951
-0.0467495
   -0.252513
    -31.8976
   -0.381206
     22.8723
    0.664187
      2.0931
-0.000973172
-0.280284
  -31.973
-0.353435
  22.8961
 0.664187
  2.08669
0.0118442
-0.228709
  -31.973
-0.353435
  22.8485
 0.664187
   2.0931
0.0118442
 -0.280284
   -31.973
 -0.329632
   22.8485
  0.657778
    2.0931
-0.0403408
 -0.252513
   -31.973
 -0.353435
   22.8723
  0.657778
   2.08669
-0.0668911
 -0.280284
   -31.973
 -0.305828
   22.8247
  0.657778
   2.08029
-0.0668911
 -0.228709
  -31.9453
 -0.353435
   22.8485
  0.664187
    2.0931
-0.0531582
 -0.280284
  -31.9968
 -0.305828
   22.8485
  0.664187
    2.0931
0.00543552
 -0.252513
  -31.9968
 -0.381206
   22.8723
  0.664187
   2.08669
0.00543552
  -0.204905
   -31.9214
   -0.40501
    22.8723
   0.664187
    2.08669
-0.00738186
 -0.280284
   -31.973
 -0.353435
   22.8723
  0.657778
   2.08669
-0.0211148
 -0.280284
   -31.973
 -0.381206
   22.9239
  0.664187
    2.0931
-0.0467495
 -0.252513
  -31.9214
 -0.381206
   22.8723
  0.664187
    2.0931
-0.0604824
 -0.252513
  -32.0206
 -0.353435
   22.7969
  0.657778
   2.08669
-0.0403408
 -0.228709
   -31.973
 -0.353435
   22.8485
  0.657778
   2.08029
-0.0275235
   -0.252513
     -31.973
   -0.353435
     22.8723
    0.664187
     2.08669
-0.000973172
 -0.280284
   -31.973
 -0.329632
   22.8961
  0.657778
    2.0931
-0.0275235
  -0.228709
   -31.9968
  -0.329632
    22.8723
   0.651369
    2.07388
-0.00738186
 -0.228709
   -31.973
 -0.381206
   22.8247
  0.664187
   2.08669
-0.0275235
 -0.252513
  -31.8976
 -0.278057
   22.8723
  0.657778
    2.0931
-0.0403408
 -0.204905
  -31.9453
 -0.329632
   22.8723
  0.657778
    2.0931
-0.0531582
 -0.280284
   -31.973
 -0.329632
   22.8961
  0.657778
    2.0931
-0.0531582
 -0.252513
  -31.9453
 -0.353435
   22.8723
   0.66968
   2.08669
-0.0403408
 -0.280284
  -31.9968
 -0.353435
   22.8723
  0.651369
   2.08669
-0.0137906
 -0.280284
   -31.973
 -0.329632
   22.8723
  0.651369
    2.0931
0.00543552
-0.280284
  -31.973
-0.353435
  22.8723
 0.657778
  2.09951
0.0255771
 -0.228709
   -31.973
 -0.329632
   22.8961
  0.664187
    2.0931
-0.0275235
 -0.228709
   -31.973
 -0.329632
   22.8723
  0.657778
   2.08669
-0.0531582
 -0.280284
   -31.973
 -0.353435
   22.8723
  0.657778
   2.08669
-0.0797085
 -0.228709
   -31.973
 -0.329632
   22.8961
   0.66968
    2.0931
-0.0467495
 -0.252513
  -32.0206
 -0.329632
   22.8723
   0.66968
   2.08669
-0.0403408
-0.280284
 -31.9453
-0.329632
  22.8961
 0.645876
   2.0931
0.0118442
   -0.252513
    -31.9968
   -0.305828
     22.8723
    0.651369
     2.07388
-0.000973172
   -0.252513
    -31.9968
   -0.353435
     22.8723
    0.664187
     2.08669
-0.000973172
 -0.252513
  -31.9968
 -0.353435
   22.8723
  0.657778
   2.08669
-0.0211148
 -0.228709
  -31.9453
 -0.381206
   22.8723
  0.664187
   2.08669
-0.0668911
 -0.252513
  -31.9968
  -0.40501
   22.8723
  0.657778
    2.0931
-0.0604824
 -0.304087
  -31.9968
 -0.353435
   22.8723
  0.645876
   2.08669
-0.0531582
 -0.252513
  -31.9453
 -0.353435
   22.8723
  0.664187
   2.08029
-0.0403408
  -0.228709
   -31.9453
  -0.353435
    22.8723
   0.664187
    2.08669
-0.00738186
 -0.280284
   -31.973
 -0.381206
   22.8723
   0.66968
   2.08669
-0.0403408
  -0.228709
    -31.973
  -0.329632
    22.8961
   0.657778
    2.08669
-0.00738186
 -0.252513
  -31.9968
 -0.329632
   22.8961
   0.66968
   2.08029
-0.0137906
 -0.228709
   -31.973
  -0.40501
   22.8247
  0.657778
   2.08669
-0.0467495
 -0.280284
   -31.973
 -0.353435
   22.8961
  0.645876
   2.08669
-0.0531582
 -0.228709
  -31.9453
 -0.353435
   22.8247
  0.645876
    2.0931
-0.0604824
 -0.280284
   -31.973
 -0.353435
   22.9477
  0.651369
    2.0931
-0.0275235
