 -0.157769
  0.067985
 -0.164209
  -1.96169
0.00137114
   2.01709
  0.448335
 -0.157766
 0.0679901
  -0.16421
  -1.96168
0.00137114
   2.01709
  0.448339
 -0.157769
 0.0679905
  -0.16421
  -1.96168
0.00137114
   2.01709
  0.448341
-0.157768
0.0679902
-0.164209
 -1.96169
0.0013691
  2.01709
 0.448343
 -0.157766
 0.0679848
 -0.164213
  -1.96168
0.00137114
   2.01709
  0.448338
  -0.15777
 0.0679901
 -0.164216
  -1.96169
0.00137053
   2.01709
  0.448336
 -0.157769
 0.0679895
 -0.164211
  -1.96168
0.00136778
   2.01709
  0.448339
 -0.157771
 0.0679893
 -0.164211
  -1.96168
0.00137053
   2.01709
  0.448335
 -0.157769
 0.0679897
 -0.164214
  -1.96168
0.00136981
   2.01709
   0.44834
 -0.157767
 0.0679883
 -0.164207
  -1.96169
0.00137053
   2.01709
  0.448342
 -0.157769
 0.0679859
  -0.16421
  -1.96168
0.00136849
   2.01709
  0.448341
 -0.157769
 0.0679877
  -0.16421
  -1.96168
0.00136981
   2.01709
   0.44834
 -0.157768
 0.0679876
 -0.164208
  -1.96169
0.00136849
   2.01709
   0.44834
 -0.157772
 0.0679897
  -0.16421
  -1.96169
0.00137053
   2.01709
  0.448337
 -0.157767
 0.0679868
 -0.164212
  -1.96169
0.00136981
   2.01709
  0.448339
 -0.157768
 0.0679907
 -0.164209
  -1.96168
0.00137053
   2.01709
  0.448336
  -0.15777
 0.0679867
 -0.164214
  -1.96169
0.00136849
   2.01709
  0.448337
-0.157766
0.0679864
-0.164213
 -1.96168
0.0013691
  2.01709
 0.448338
 -0.157768
 0.0679865
  -0.16421
  -1.96169
0.00137053
   2.01709
  0.448338
 -0.157765
 0.0679859
  -0.16421
  -1.96169
0.00136981
   2.01709
  0.448343
 -0.157768
 0.0679898
 -0.164212
  -1.96168
0.00136981
   2.01709
  0.448341
 -0.157768
 0.0679921
  -0.16421
  -1.96169
0.00137114
   2.01709
  0.448337
 -0.157772
 0.0679923
 -0.164213
  -1.96169
0.00136981
   2.01709
  0.448338
 -0.157765
 0.0679907
 -0.164215
  -1.96168
0.00136849
   2.01709
  0.448334
 -0.157771
 0.0679908
 -0.164213
  -1.96168
0.00136849
   2.01709
  0.448335
 -0.157769
 0.0679867
 -0.164211
  -1.96168
0.00137053
   2.01709
  0.448341
 -0.157767
 0.0679913
 -0.164208
  -1.96169
0.00136981
   2.01709
  0.448338
  -0.15777
 0.0679879
 -0.164212
  -1.96168
0.00136981
   2.01709
  0.448341
 -0.157768
 0.0679883
 -0.164214
  -1.96169
0.00136981
   2.01709
  0.448338
  -0.15777
 0.0679933
  -0.16421
  -1.96168
0.00137053
   2.01709
  0.448335
 -0.157767
 0.0679938
 -0.164212
  -1.96168
0.00136981
   2.01709
  0.448336
-0.157763
 0.067994
-0.164214
 -1.96168
0.0013691
  2.01709
 0.448337
  -0.15777
 0.0679867
 -0.164209
  -1.96168
0.00136981
   2.01709
   0.44834
  -0.15777
 0.0679896
 -0.164212
  -1.96168
0.00136849
   2.01709
  0.448343
  -0.15777
 0.0679877
 -0.164212
  -1.96168
0.00137053
   2.01709
   0.44834
 -0.157767
  0.067984
 -0.164212
  -1.96169
0.00136981
   2.01709
  0.448338
 -0.157768
 0.0679897
 -0.164212
  -1.96169
0.00136981
   2.01709
  0.448338
 -0.15777
0.0679883
 -0.16421
 -1.96168
0.0013691
  2.01709
 0.448336
 -0.157766
   0.06799
  -0.16421
  -1.96168
0.00136849
   2.01709
  0.448335
 -0.157768
 0.0679905
  -0.16421
  -1.96169
0.00136849
   2.01709
  0.448335
 -0.15777
0.0679866
 -0.16421
 -1.96168
0.0013691
  2.01709
 0.448338
-0.157767
0.0679881
 -0.16421
 -1.96169
0.0013691
  2.01709
  0.44834
 -0.157766
 0.0679905
 -0.164215
  -1.96169
0.00137053
   2.01709
   0.44834
 -0.157768
 0.0679886
 -0.164213
  -1.96169
0.00136981
   2.01709
  0.448343
 -0.157766
 0.0679879
 -0.164212
  -1.96168
0.00136849
   2.01709
  0.448341
  -0.15777
 0.0679915
 -0.164212
  -1.96169
0.00137053
   2.01709
  0.448337
 -0.157766
 0.0679885
 -0.164216
  -1.96168
0.00137114
   2.01709
  0.448335
-0.157768
0.0679907
-0.164209
 -1.96169
0.0013691
  2.01709
 0.448334
 -0.157765
 0.0679907
 -0.164212
  -1.96168
0.00137053
   2.01709
  0.448339
-0.157768
0.0679867
-0.164212
 -1.96169
0.0013691
  2.01709
 0.448341
 -0.157766
 0.0679901
  -0.16421
  -1.96168
0.00137053
   2.01709
  0.448342
-0.157765
0.0679886
-0.164205
 -1.96168
0.0013691
  2.01709
 0.448337
-0.157768
0.0679896
 -0.16421
 -1.96169
0.0013691
  2.01709
 0.448335
-0.157768
0.0679894
-0.164212
 -1.96169
0.0013691
  2.01709
 0.448338
-0.157769
0.0679876
-0.164211
 -1.96168
0.0013691
  2.01709
 0.448339
 -0.157768
 0.0679876
 -0.164212
  -1.96168
0.00136981
   2.01709
  0.448339
 -0.157768
 0.0679878
  -0.16421
  -1.96168
0.00136981
   2.01709
  0.448341
-0.157771
0.0679883
 -0.16421
 -1.96169
0.0013691
  2.01709
 0.448344
 -0.157769
 0.0679878
 -0.164212
  -1.96168
0.00136981
   2.01709
   0.44834
-0.157767
 0.067991
-0.164213
 -1.96169
0.0013691
  2.01709
  0.44834
 -0.15777
0.0679914
-0.164211
 -1.96168
0.0013691
  2.01709
 0.448334
-0.157768
0.0679904
-0.164211
 -1.96168
0.0013691
  2.01709
 0.448334
 -0.157765
 0.0679887
 -0.164208
  -1.96168
0.00136981
   2.01709
  0.448338
 -0.157763
 0.0679871
 -0.164212
  -1.96168
0.00136981
   2.01709
  0.448341
 -0.157768
 0.0679833
 -0.164211
  -1.96168
0.00136849
   2.01709
  0.448342
-0.157766
0.0679917
 -0.16421
 -1.96168
0.0013691
  2.01709
 0.448341
 -0.157766
 0.0679884
 -0.164214
  -1.96168
0.00136981
   2.01709
  0.448335
-0.157768
 0.067988
-0.164211
 -1.96168
0.0013691
  2.01709
 0.448338
 -0.157768
 0.0679901
 -0.164211
  -1.96169
0.00136981
   2.01709
  0.448334
  -0.15777
   0.06799
 -0.164216
  -1.96168
0.00136849
   2.01709
  0.448338
 -0.157766
 0.0679886
  -0.16421
  -1.96169
0.00136981
   2.01709
  0.448341
  -0.15777
 0.0679886
 -0.164212
  -1.96168
0.00136981
   2.01709
   0.44834
 -0.157767
  0.067986
  -0.16421
  -1.96168
0.00137114
   2.01709
  0.448339
 -0.157769
 0.0679898
  -0.16421
  -1.96169
0.00137053
   2.01709
   0.44834
 -0.157769
 0.0679921
 -0.164212
  -1.96168
0.00136981
   2.01709
  0.448337
 -0.157767
 0.0679887
 -0.164212
  -1.96168
0.00136981
   2.01709
  0.448339
 -0.157768
 0.0679907
  -0.16421
  -1.96168
0.00136981
   2.01709
  0.448334
-0.157766
0.0679888
 -0.16421
 -1.96168
0.0013691
  2.01709
 0.448335
-0.157772
0.0679908
-0.164214
 -1.96169
0.0013691
  2.01709
 0.448339
-0.157765
0.0679867
-0.164208
 -1.96168
0.0013691
  2.01709
 0.448338
  -0.15777
 0.0679896
 -0.164212
  -1.96168
0.00136849
   2.01709
  0.448342
 -0.157771
 0.0679915
 -0.164212
  -1.96168
0.00136981
   2.01709
  0.448342
 -0.157768
 0.0679883
 -0.164209
  -1.96168
0.00137053
   2.01709
  0.448338
 -0.157768
  0.067988
 -0.164209
  -1.96169
0.00136981
   2.01709
  0.448336
 -0.157766
   0.06799
  -0.16421
  -1.96168
0.00137053
   2.01709
  0.448334
 -0.157765
 0.0679878
 -0.164208
  -1.96168
0.00137053
   2.01709
  0.448336
  -0.15777
 0.0679893
 -0.164212
  -1.96168
0.00136981
   2.01709
  0.448341
 -0.157765
 0.0679861
 -0.164208
  -1.96169
0.00137053
   2.01709
  0.448345
 -0.157767
 0.0679883
 -0.164208
  -1.96168
0.00136981
   2.01709
  0.448343
 -0.157769
 0.0679863
 -0.164208
  -1.96168
0.00137053
   2.01709
  0.448342
 -0.157767
 0.0679886
  -0.16421
  -1.96168
0.00136981
   2.01709
  0.448335
 -0.157766
 0.0679887
 -0.164209
  -1.96168
0.00136981
   2.01709
  0.448334
-0.157766
0.0679886
-0.164211
 -1.96168
0.0013691
  2.01709
 0.448333
 -0.157768
  0.067986
 -0.164209
  -1.96168
0.00137053
   2.01709
  0.448339
 -0.157767
 0.0679877
 -0.164205
  -1.96168
0.00136981
   2.01709
  0.448347
-0.157768
0.0679876
-0.164214
 -1.96169
0.0013691
  2.01709
 0.448342
 -0.157765
 0.0679878
 -0.164213
  -1.96168
0.00137053
   2.01709
  0.448342
 -0.157768
 0.0679904
 -0.164211
  -1.96169
0.00137053
   2.01709
  0.448339
  -0.15777
 0.0679887
 -0.164216
  -1.96169
0.00137053
   2.01709
  0.448336
  -0.15777
 0.0679886
 -0.164213
  -1.96168
0.00137053
   2.01709
  0.448336
 -0.157767
 0.0679879
 -0.164211
  -1.96168
0.00137053
   2.01709
  0.448336
-0.157766
0.0679841
-0.164209
 -1.96168
0.0013691
  2.01709
 0.448342
  -0.15777
 0.0679883
 -0.164211
  -1.96168
0.00136981
   2.01709
   0.44834
-0.157766
0.0679859
-0.164209
 -1.96168
0.0013691
  2.01709
 0.448339
 -0.157766
 0.0679857
 -0.164214
  -1.96168
0.00137053
   2.01709
  0.448336
 -0.157766
 0.0679897
  -0.16421
  -1.96168
0.00136849
   2.01709
  0.448334
 -0.157768
 0.0679868
  -0.16421
  -1.96169
0.00136849
   2.01709
  0.448335
 -0.157765
 0.0679866
 -0.164212
  -1.96168
0.00136849
   2.01709
  0.448335
 -0.157768
  0.067986
 -0.164208
  -1.96169
0.00137053
   2.01709
   0.44834
 -0.157768
 0.0679915
  -0.16421
  -1.96168
0.00136981
   2.01709
  0.448342
 -0.15777
  0.06799
-0.164212
 -1.96169
0.0013691
  2.01709
 0.448344
 -0.157768
 0.0679878
 -0.164207
  -1.96169
0.00137053
   2.01709
  0.448341
-0.157766
0.0679877
 -0.16421
 -1.96168
0.0013691
  2.01709
 0.448335
  -0.15777
 0.0679876
 -0.164208
  -1.96168
0.00136981
   2.01709
  0.448332
-0.157769
0.0679893
-0.164212
 -1.96169
0.0013691
  2.01709
 0.448335
  -0.15777
 0.0679897
 -0.164214
  -1.96169
0.00136981
   2.01709
  0.448338
  -0.15777
 0.0679921
 -0.164214
  -1.96168
0.00136981
   2.01709
   0.44834
 -0.15777
0.0679923
 -0.16421
 -1.96169
0.0013691
  2.01709
 0.448344
 -0.157766
  0.067985
 -0.164214
  -1.96168
0.00136981
   2.01709
   0.44834
-0.157768
0.0679917
-0.164209
 -1.96169
0.0013691
  2.01709
  0.44834
 -0.157768
 0.0679922
 -0.164212
  -1.96169
0.00136981
   2.01709
  0.448339
  -0.15777
  0.067985
  -0.16421
  -1.96168
0.00136981
   2.01709
  0.448336
 -0.157769
 0.0679917
  -0.16421
  -1.96168
0.00136981
   2.01709
  0.448337
-0.157771
0.0679884
-0.164207
 -1.96168
0.0013691
  2.01709
 0.448335
 -0.157769
  0.067988
  -0.16421
  -1.96168
0.00136981
   2.01709
  0.448335
-0.157766
0.0679864
 -0.16421
 -1.96169
0.0013691
  2.01709
 0.448339
 -0.15777
0.0679879
 -0.16421
 -1.96169
0.0013691
  2.01709
 0.448342
 -0.157771
 0.0679915
 -0.164212
  -1.96168
0.00136981
   2.01709
  0.448343
-0.157769
0.0679883
-0.164207
 -1.96168
0.0013691
  2.01709
 0.448341
 -0.157767
 0.0679878
 -0.164212
  -1.96168
0.00136981
   2.01709
  0.448333
 -0.157766
 0.0679931
 -0.164212
  -1.96169
0.00137114
   2.01709
  0.448336
 -0.157768
 0.0679864
  -0.16421
  -1.96168
0.00136981
   2.01709
  0.448333
 -0.157767
 0.0679916
 -0.164212
  -1.96168
0.00136849
   2.01709
   0.44834
 -0.157766
 0.0679905
 -0.164207
  -1.96169
0.00137053
   2.01709
  0.448341
 -0.157766
 0.0679907
 -0.164214
  -1.96168
0.00136981
   2.01709
  0.448341
  -0.15777
  0.067992
 -0.164213
  -1.96168
0.00137114
   2.01709
  0.448338
  -0.15777
 0.0679879
 -0.164214
  -1.96169
0.00136849
   2.01709
  0.448338
 -0.157766
 0.0679841
 -0.164213
  -1.96168
0.00136981
   2.01709
  0.448335
-0.157767
0.0679914
 -0.16421
 -1.96169
0.0013691
  2.01709
 0.448339
 -0.157769
 0.0679904
 -0.164212
  -1.96169
0.00136981
   2.01709
  0.448335
 -0.157768
 0.0679885
 -0.164208
  -1.96169
0.00136981
   2.01709
  0.448339
 -0.157768
 0.0679881
  -0.16421
  -1.96168
0.00137053
   2.01709
  0.448339
  -0.15777
 0.0679922
 -0.164214
  -1.96168
0.00136981
   2.01709
  0.448337
-0.157767
0.0679887
-0.164212
 -1.96168
0.0013691
  2.01709
 0.448342
 -0.157769
 0.0679903
  -0.16421
  -1.96168
0.00137053
   2.01709
  0.448343
 -0.157771
 0.0679879
 -0.164214
  -1.96168
0.00136981
   2.01709
  0.448338
-0.157769
0.0679879
-0.164213
 -1.96168
0.0013691
  2.01709
 0.448337
 -0.157769
 0.0679883
 -0.164211
  -1.96168
0.00136849
   2.01709
  0.448334
-0.157766
  0.06799
-0.164213
 -1.96168
0.0013691
  2.01709
 0.448335
-0.157766
0.0679864
-0.164211
 -1.96168
0.0013691
  2.01709
 0.448339
 -0.157768
 0.0679895
 -0.164207
  -1.96168
0.00136981
   2.01709
  0.448339
  -0.15777
 0.0679879
  -0.16421
  -1.96169
0.00136849
   2.01709
  0.448338
  -0.15777
 0.0679917
  -0.16421
  -1.96169
0.00136981
   2.01709
  0.448339
 -0.157768
 0.0679878
  -0.16421
  -1.96169
0.00136981
   2.01709
  0.448338
-0.157768
0.0679893
-0.164212
 -1.96169
0.0013691
  2.01709
 0.448342
 -0.157766
 0.0679897
 -0.164212
  -1.96168
0.00136981
   2.01709
  0.448341
-0.157766
0.0679904
-0.164212
 -1.96169
0.0013691
  2.01709
 0.448335
 -0.157768
 0.0679907
  -0.16421
  -1.96168
0.00136849
   2.01709
  0.448342
 -0.157766
 0.0679903
  -0.16421
  -1.96169
0.00136981
   2.01709
  0.448336
  -0.15777
 0.0679901
 -0.164213
  -1.96169
0.00137053
   2.01709
   0.44834
 -0.157769
 0.0679886
 -0.164213
  -1.96168
0.00136981
   2.01709
  0.448342
 -0.157771
  0.067994
 -0.164209
  -1.96169
0.00136981
   2.01709
  0.448338
 -0.157766
 0.0679867
 -0.164212
  -1.96168
0.00136981
   2.01709
  0.448339
 -0.157769
 0.0679934
 -0.164212
  -1.96169
0.00136849
   2.01709
  0.448334
-0.157768
0.0679869
-0.164212
 -1.96169
0.0013691
  2.01709
 0.448333
 -0.157766
 0.0679866
  -0.16421
  -1.96169
0.00136981
   2.01709
  0.448338
 -0.157774
   0.06799
  -0.16421
  -1.96168
0.00136778
   2.01709
  0.448342
 -0.157768
 0.0679865
 -0.164208
  -1.96168
0.00136981
   2.01709
  0.448346
-0.157768
 0.067988
 -0.16421
 -1.96168
0.0013691
  2.01709
 0.448343
 -0.157766
 0.0679905
 -0.164211
  -1.96168
0.00137053
   2.01709
  0.448338
 -0.157766
 0.0679887
 -0.164215
  -1.96168
0.00137053
   2.01709
  0.448338
-0.157768
0.0679908
-0.164215
 -1.96169
0.0013691
  2.01709
 0.448339
 -0.157771
  0.067985
 -0.164209
  -1.96168
0.00137053
   2.01709
  0.448337
 -0.157768
 0.0679901
 -0.164211
  -1.96168
0.00136981
   2.01709
  0.448339
-0.157768
0.0679922
 -0.16421
 -1.96169
0.0013691
  2.01709
  0.44834
 -0.157768
 0.0679888
 -0.164212
  -1.96168
0.00136981
   2.01709
  0.448339
 -0.157765
 0.0679888
 -0.164209
  -1.96169
0.00136981
   2.01709
  0.448341
-0.157768
0.0679908
-0.164215
 -1.96168
0.0013691
  2.01709
 0.448339
-0.157766
0.0679886
-0.164213
 -1.96168
0.0013691
  2.01709
 0.448341
  -0.15777
 0.0679843
 -0.164211
  -1.96168
0.00136981
   2.01709
  0.448337
 -0.157766
 0.0679879
 -0.164212
  -1.96168
0.00136981
   2.01709
  0.448334
 -0.157767
 0.0679905
 -0.164211
  -1.96168
0.00136981
   2.01709
  0.448335
 -0.157769
 0.0679885
 -0.164213
  -1.96168
0.00136981
   2.01709
  0.448335
 -0.157768
 0.0679864
 -0.164211
  -1.96168
0.00136981
   2.01709
  0.448341
 -0.157765
 0.0679922
  -0.16421
  -1.96168
0.00136981
   2.01709
  0.448342
-0.157768
0.0679866
 -0.16421
 -1.96168
0.0013691
  2.01709
 0.448341
-0.157768
0.0679917
 -0.16421
 -1.96168
0.0013691
  2.01709
  0.44834
 -0.157765
 0.0679884
 -0.164208
  -1.96169
0.00136849
   2.01709
  0.448334
-0.157766
 0.067988
-0.164208
 -1.96169
0.0013691
  2.01709
 0.448334
-0.157766
0.0679939
-0.164212
 -1.96169
0.0013691
  2.01709
 0.448338
 -0.157766
 0.0679866
 -0.164209
  -1.96168
0.00137053
   2.01709
  0.448338
 -0.157768
 0.0679881
  -0.16421
  -1.96168
0.00136981
   2.01709
  0.448342
-0.157766
0.0679917
 -0.16421
 -1.96169
0.0013691
  2.01709
 0.448341
 -0.157766
 0.0679879
 -0.164212
  -1.96168
0.00137114
   2.01709
  0.448337
-0.157767
0.0679915
-0.164212
 -1.96169
0.0013691
  2.01709
 0.448337
 -0.157771
 0.0679847
 -0.164208
  -1.96169
0.00136981
   2.01709
  0.448335
-0.157767
0.0679878
-0.164214
 -1.96168
0.0013691
  2.01709
 0.448342
 -0.157774
 0.0679877
 -0.164214
  -1.96169
0.00136849
   2.01709
  0.448343
 -0.157767
 0.0679823
 -0.164213
  -1.96168
0.00136981
   2.01709
   0.44834
-0.157769
0.0679856
 -0.16421
 -1.96168
0.0013691
  2.01709
 0.448339
 -0.157767
 0.0679876
  -0.16421
  -1.96168
0.00136981
   2.01709
  0.448337
-0.157767
0.0679876
-0.164214
 -1.96168
0.0013691
  2.01709
 0.448335
 -0.157767
 0.0679876
 -0.164213
  -1.96168
0.00136981
   2.01709
  0.448338
-0.157769
0.0679876
-0.164211
 -1.96169
0.0013691
  2.01709
 0.448335
-0.157766
 0.067984
-0.164211
 -1.96168
0.0013691
  2.01709
 0.448339
 -0.157768
 0.0679897
 -0.164214
  -1.96168
0.00136981
   2.01709
   0.44834
 -0.157768
 0.0679885
 -0.164213
  -1.96168
0.00136981
   2.01709
  0.448338
 -0.157766
 0.0679907
  -0.16421
  -1.96168
0.00137053
   2.01709
  0.448342
 -0.157766
 0.0679907
 -0.164212
  -1.96169
0.00136981
   2.01709
  0.448342
 -0.157765
 0.0679886
 -0.164208
  -1.96168
0.00136849
   2.01709
  0.448338
  -0.15777
 0.0679934
 -0.164212
  -1.96169
0.00137053
   2.01709
  0.448338
  -0.15777
 0.0679905
  -0.16421
  -1.96169
0.00137053
   2.01709
  0.448334
 -0.157769
 0.0679907
 -0.164212
  -1.96168
0.00136981
   2.01709
  0.448334
 -0.157768
 0.0679903
 -0.164209
  -1.96168
0.00136849
   2.01709
  0.448339
  -0.15777
 0.0679934
 -0.164211
  -1.96169
0.00137053
   2.01709
   0.44834
-0.157766
0.0679831
-0.164213
 -1.96168
0.0013691
  2.01709
 0.448344
 -0.157765
 0.0679859
 -0.164209
  -1.96169
0.00136981
   2.01709
   0.44834
 -0.157768
 0.0679857
  -0.16421
  -1.96168
0.00137053
   2.01709
  0.448335
 -0.157767
 0.0679914
 -0.164212
  -1.96169
0.00136849
   2.01709
  0.448336
 -0.157769
 0.0679883
  -0.16421
  -1.96169
0.00136981
   2.01709
  0.448334
 -0.157768
   0.06799
 -0.164214
  -1.96168
0.00136981
   2.01709
  0.448337
 -0.15777
0.0679938
-0.164212
 -1.96169
0.0013691
  2.01709
  0.44834
 -0.157772
 0.0679886
 -0.164214
  -1.96168
0.00136849
   2.01709
  0.448339
 -0.157765
 0.0679843
 -0.164209
  -1.96169
0.00136849
   2.01709
  0.448338
  -0.15777
 0.0679879
 -0.164209
  -1.96168
0.00137114
   2.01709
  0.448339
 -0.157766
 0.0679883
  -0.16421
  -1.96168
0.00136778
   2.01709
  0.448338
 -0.157766
 0.0679895
  -0.16421
  -1.96169
0.00136981
   2.01709
  0.448341
 -0.157768
 0.0679915
 -0.164208
  -1.96169
0.00136981
   2.01709
  0.448335
 -0.157765
 0.0679883
 -0.164214
  -1.96169
0.00136981
   2.01709
  0.448337
 -0.157766
 0.0679895
 -0.164211
  -1.96169
0.00136981
   2.01709
  0.448339
 -0.157768
 0.0679878
 -0.164212
  -1.96169
0.00137053
   2.01709
  0.448337
-0.157767
0.0679921
-0.164212
 -1.96168
0.0013691
  2.01709
 0.448341
 -0.157771
 0.0679866
 -0.164211
  -1.96168
0.00136981
   2.01709
  0.448343
-0.157769
0.0679826
-0.164214
 -1.96168
0.0013691
  2.01709
 0.448339
 -0.157767
  0.067991
 -0.164212
  -1.96169
0.00136981
   2.01709
   0.44834
 -0.157768
 0.0679893
 -0.164209
  -1.96168
0.00137114
   2.01709
  0.448334
 -0.157769
 0.0679893
 -0.164212
  -1.96168
0.00136981
   2.01709
  0.448334
 -0.157772
  0.067984
  -0.16421
  -1.96168
0.00136849
   2.01709
  0.448338
 -0.157769
 0.0679897
  -0.16421
  -1.96169
0.00137053
   2.01709
  0.448341
-0.157767
0.0679904
 -0.16421
 -1.96168
0.0013691
  2.01709
 0.448343
  -0.15777
 0.0679907
 -0.164208
  -1.96168
0.00137053
   2.01709
  0.448338
 -0.157768
 0.0679888
 -0.164212
  -1.96169
0.00136981
   2.01709
  0.448335
 -0.157766
 0.0679908
 -0.164208
  -1.96169
0.00136981
   2.01709
  0.448337
 -0.15777
 0.067985
 -0.16421
 -1.96169
0.0013691
  2.01709
 0.448335
 -0.157769
 0.0679879
 -0.164212
  -1.96169
0.00136981
   2.01709
  0.448336
-0.157768
0.0679879
-0.164212
 -1.96168
0.0013691
  2.01709
 0.448338
 -0.157766
   0.06799
  -0.16421
  -1.96168
0.00136981
   2.01709
  0.448335
 -0.157768
   0.06799
  -0.16421
  -1.96169
0.00136849
   2.01709
  0.448338
 -0.157771
 0.0679848
  -0.16421
  -1.96168
0.00136981
   2.01709
  0.448341
-0.157769
0.0679859
-0.164212
 -1.96168
0.0013691
  2.01709
 0.448341
 -0.15777
0.0679877
-0.164213
 -1.96169
0.0013691
  2.01709
 0.448338
-0.157766
0.0679876
-0.164213
 -1.96169
0.0013691
  2.01709
 0.448334
 -0.157768
 0.0679897
 -0.164211
  -1.96169
0.00137114
   2.01709
  0.448335
 -0.15777
0.0679863
-0.164214
 -1.96168
0.0013691
  2.01709
  0.44834
 -0.157768
 0.0679895
 -0.164211
  -1.96169
0.00136981
   2.01709
  0.448338
 -0.157769
 0.0679877
 -0.164212
  -1.96169
0.00136981
   2.01709
  0.448342
 -0.157768
 0.0679897
 -0.164216
  -1.96168
0.00136981
   2.01709
  0.448341
-0.157772
0.0679885
-0.164213
 -1.96169
0.0013691
  2.01709
 0.448335
 -0.157769
 0.0679887
 -0.164212
  -1.96168
0.00137053
   2.01709
  0.448335
-0.157767
0.0679886
-0.164214
 -1.96168
0.0013691
  2.01709
 0.448333
 -0.157763
 0.0679901
 -0.164212
  -1.96169
0.00137053
   2.01709
   0.44834
 -0.157768
 0.0679886
 -0.164209
  -1.96168
0.00137053
   2.01709
  0.448342
-0.157769
0.0679886
 -0.16421
 -1.96168
0.0013691
  2.01709
 0.448341
 -0.157768
 0.0679881
 -0.164212
  -1.96168
0.00136981
   2.01709
  0.448341
 -0.157768
 0.0679905
 -0.164208
  -1.96168
0.00137053
   2.01709
  0.448341
 -0.15777
0.0679888
-0.164212
 -1.96168
0.0013691
  2.01709
 0.448335
 -0.157772
 0.0679908
 -0.164213
  -1.96169
0.00137114
   2.01709
  0.448337
 -0.157765
  0.067985
 -0.164213
  -1.96169
0.00136981
   2.01709
  0.448336
 -0.15777
0.0679896
-0.164212
 -1.96168
0.0013691
  2.01709
 0.448341
-0.157768
0.0679858
-0.164212
 -1.96168
0.0013691
  2.01709
  0.44834
 -0.157772
 0.0679876
 -0.164213
  -1.96168
0.00136981
   2.01709
  0.448338
 -0.157769
 0.0679825
 -0.164209
  -1.96169
0.00137053
   2.01709
  0.448341
 -0.157769
 0.0679883
 -0.164209
  -1.96169
0.00136981
   2.01709
  0.448342
-0.157769
0.0679859
 -0.16421
 -1.96168
0.0013691
  2.01709
  0.44834
 -0.157771
  0.067984
 -0.164209
  -1.96169
0.00136981
   2.01709
  0.448341
 -0.157769
 0.0679878
 -0.164213
  -1.96168
0.00136849
   2.01709
  0.448335
 -0.157767
 0.0679885
 -0.164209
  -1.96168
0.00136849
   2.01709
  0.448333
 -0.157768
 0.0679885
 -0.164208
  -1.96169
0.00137053
   2.01709
  0.448337
 -0.157768
 0.0679934
  -0.16421
  -1.96169
0.00136849
   2.01709
  0.448338
  -0.15777
 0.0679865
  -0.16421
  -1.96168
0.00136981
   2.01709
  0.448343
-0.157767
0.0679879
-0.164212
 -1.96169
0.0013691
  2.01709
 0.448342
 -0.157766
 0.0679893
 -0.164212
  -1.96168
0.00136981
   2.01709
  0.448335
 -0.157767
 0.0679914
 -0.164211
  -1.96169
0.00136849
   2.01709
  0.448338
 -0.157767
 0.0679904
  -0.16421
  -1.96169
0.00136849
   2.01709
  0.448335
 -0.157766
 0.0679923
 -0.164207
  -1.96168
0.00136981
   2.01709
  0.448335
 -0.157766
 0.0679888
 -0.164212
  -1.96168
0.00136981
   2.01709
  0.448339
  -0.15777
 0.0679888
 -0.164208
  -1.96168
0.00136849
   2.01709
  0.448337
 -0.157766
 0.0679903
  -0.16421
  -1.96169
0.00136981
   2.01709
  0.448339
  -0.15777
 0.0679864
  -0.16421
  -1.96168
0.00136981
   2.01709
   0.44834
  -0.15777
 0.0679884
 -0.164212
  -1.96168
0.00136981
   2.01709
   0.44834
-0.157771
0.0679859
-0.164208
 -1.96169
0.0013691
  2.01709
 0.448341
 -0.157768
  0.067991
 -0.164208
  -1.96168
0.00136981
   2.01709
  0.448336
 -0.157766
 0.0679914
  -0.16421
  -1.96168
0.00136981
   2.01709
  0.448333
-0.157768
0.0679885
-0.164208
 -1.96169
0.0013691
  2.01709
 0.448339
 -0.157769
 0.0679885
 -0.164209
  -1.96168
0.00136981
   2.01709
  0.448337
 -0.157768
 0.0679881
 -0.164209
  -1.96168
0.00136981
   2.01709
  0.448342
 -0.157766
 0.0679865
  -0.16421
  -1.96168
0.00136981
   2.01709
  0.448345
-0.157768
0.0679879
-0.164212
 -1.96168
0.0013691
  2.01709
  0.44834
-0.157768
0.0679898
-0.164214
 -1.96168
0.0013691
  2.01709
 0.448339
-0.157768
0.0679885
-0.164211
 -1.96169
0.0013691
  2.01709
 0.448334
 -0.157767
 0.0679885
 -0.164215
  -1.96169
0.00136981
   2.01709
  0.448335
 -0.157766
   0.06799
 -0.164215
  -1.96168
0.00136981
   2.01709
  0.448338
-0.157766
0.0679905
-0.164209
 -1.96169
0.0013691
  2.01709
 0.448337
 -0.157768
 0.0679924
 -0.164211
  -1.96168
0.00136981
   2.01709
  0.448339
-0.157766
0.0679908
 -0.16421
 -1.96168
0.0013691
  2.01709
 0.448339
  -0.15777
 0.0679886
 -0.164214
  -1.96169
0.00137053
   2.01709
  0.448338
 -0.157769
 0.0679901
 -0.164211
  -1.96169
0.00136981
   2.01709
  0.448342
  -0.15777
 0.0679922
 -0.164211
  -1.96168
0.00136981
   2.01709
  0.448339
-0.157763
0.0679886
-0.164214
 -1.96168
0.0013691
  2.01709
 0.448335
-0.157772
0.0679879
-0.164212
 -1.96168
0.0013691
  2.01709
 0.448337
 -0.157766
  0.067991
 -0.164214
  -1.96169
0.00136981
   2.01709
  0.448334
 -0.157768
 0.0679878
  -0.16421
  -1.96169
0.00136981
   2.01709
  0.448338
 -0.157768
 0.0679883
 -0.164212
  -1.96168
0.00137114
   2.01709
  0.448343
-0.157768
0.0679878
-0.164212
 -1.96168
0.0013691
  2.01709
 0.448341
 -0.157771
 0.0679857
 -0.164211
  -1.96168
0.00137053
   2.01709
   0.44834
 -0.157768
 0.0679897
  -0.16421
  -1.96168
0.00137053
   2.01709
  0.448336
 -0.157766
 0.0679868
 -0.164214
  -1.96169
0.00137053
   2.01709
  0.448333
 -0.157766
 0.0679885
 -0.164216
  -1.96169
0.00137053
   2.01709
  0.448336
 -0.15777
0.0679843
-0.164211
 -1.96168
0.0013691
  2.01709
 0.448335
-0.157769
0.0679877
 -0.16421
 -1.96169
0.0013691
  2.01709
 0.448338
 -0.157768
 0.0679857
 -0.164212
  -1.96169
0.00136981
   2.01709
   0.44834
 -0.157766
  0.067984
 -0.164214
  -1.96169
0.00136981
   2.01709
  0.448339
 -0.157768
 0.0679897
  -0.16421
  -1.96168
0.00136981
   2.01709
  0.448341
-0.157768
0.0679883
 -0.16421
 -1.96168
0.0013691
  2.01709
 0.448342
  -0.15777
   0.06799
  -0.16421
  -1.96169
0.00136849
   2.01709
  0.448338
-0.157769
0.0679884
-0.164214
 -1.96169
0.0013691
  2.01709
 0.448334
  -0.15777
 0.0679933
 -0.164214
  -1.96168
0.00137053
   2.01709
  0.448333
-0.157766
0.0679864
-0.164214
 -1.96168
0.0013691
  2.01709
 0.448335
-0.157768
  0.06799
 -0.16421
 -1.96169
0.0013691
  2.01709
  0.44834
 -0.157772
 0.0679905
 -0.164214
  -1.96168
0.00137053
   2.01709
  0.448344
 -0.157766
 0.0679886
 -0.164211
  -1.96168
0.00136981
   2.01709
  0.448343
-0.157768
0.0679879
-0.164213
 -1.96168
0.0013691
  2.01709
  0.44834
 -0.157766
 0.0679879
 -0.164213
  -1.96168
0.00136981
   2.01709
  0.448336
 -0.157768
 0.0679864
 -0.164211
  -1.96169
0.00137053
   2.01709
  0.448333
 -0.157766
 0.0679878
 -0.164212
  -1.96168
0.00137053
   2.01709
  0.448335
-0.157772
0.0679857
-0.164212
 -1.96168
0.0013691
  2.01709
 0.448338
 -0.157766
 0.0679876
 -0.164212
  -1.96168
0.00137053
   2.01709
   0.44834
 -0.15777
0.0679897
-0.164214
 -1.96169
0.0013691
  2.01709
  0.44834
 -0.157768
 0.0679863
 -0.164209
  -1.96169
0.00136981
   2.01709
  0.448343
 -0.157766
 0.0679895
 -0.164212
  -1.96168
0.00136981
   2.01709
  0.448342
  -0.15777
 0.0679877
 -0.164212
  -1.96168
0.00136981
   2.01709
  0.448338
 -0.157768
 0.0679914
 -0.164212
  -1.96168
0.00136981
   2.01709
  0.448336
 -0.157776
 0.0679904
 -0.164214
  -1.96168
0.00136849
   2.01709
  0.448334
 -0.157771
 0.0679885
 -0.164212
  -1.96168
0.00137053
   2.01709
  0.448335
 -0.157766
 0.0679879
 -0.164209
  -1.96168
0.00136981
   2.01709
  0.448337
-0.157772
0.0679894
 -0.16421
 -1.96168
0.0013691
  2.01709
 0.448344
 -0.157772
 0.0679857
  -0.16421
  -1.96168
0.00137053
   2.01709
  0.448342
 -0.157772
 0.0679876
 -0.164212
  -1.96168
0.00137053
   2.01709
  0.448342
 -0.157767
 0.0679861
 -0.164213
  -1.96168
0.00136849
   2.01709
  0.448337
 -0.157771
 0.0679863
 -0.164215
  -1.96168
0.00136981
   2.01709
  0.448335
 -0.157769
 0.0679916
 -0.164209
  -1.96168
0.00136981
   2.01709
  0.448334
-0.157767
0.0679922
-0.164214
 -1.96168
0.0013691
  2.01709
 0.448337
  -0.15777
 0.0679907
 -0.164213
  -1.96168
0.00137053
   2.01709
   0.44834
 -0.157765
 0.0679871
 -0.164213
  -1.96168
0.00136981
   2.01709
  0.448342
 -0.157768
 0.0679886
 -0.164215
  -1.96168
0.00137053
   2.01709
   0.44834
-0.157766
0.0679879
-0.164212
 -1.96169
0.0013691
  2.01709
 0.448339
 -0.157768
 0.0679879
  -0.16421
  -1.96168
0.00137053
   2.01709
  0.448336
  -0.15777
 0.0679883
 -0.164214
  -1.96168
0.00136981
   2.01709
  0.448336
 -0.157768
 0.0679859
 -0.164213
  -1.96169
0.00137053
   2.01709
  0.448338
-0.157766
0.0679877
-0.164212
 -1.96169
0.0013691
  2.01709
 0.448336
-0.157768
0.0679897
 -0.16421
 -1.96168
0.0013691
  2.01709
 0.448339
-0.157768
0.0679883
-0.164212
 -1.96169
0.0013691
  2.01709
  0.44834
-0.157765
  0.06799
-0.164211
 -1.96168
0.0013691
  2.01709
  0.44834
 -0.157768
 0.0679869
 -0.164209
  -1.96168
0.00137053
   2.01709
  0.448341
 -0.157766
 0.0679907
 -0.164212
  -1.96169
0.00137053
   2.01709
  0.448337
 -0.157768
 0.0679886
 -0.164213
  -1.96168
0.00136981
   2.01709
  0.448335
 -0.157772
 0.0679901
 -0.164209
  -1.96168
0.00136849
   2.01709
  0.448335
-0.157769
0.0679865
-0.164212
 -1.96168
0.0013691
  2.01709
 0.448338
 -0.157768
 0.0679842
 -0.164212
  -1.96168
0.00136981
   2.01709
  0.448341
  -0.15777
 0.0679857
  -0.16421
  -1.96168
0.00136981
   2.01709
  0.448342
 -0.157766
 0.0679893
 -0.164212
  -1.96168
0.00136981
   2.01709
  0.448343
-0.157766
0.0679893
-0.164212
 -1.96168
0.0013691
  2.01709
 0.448339
 -0.157768
 0.0679823
 -0.164208
  -1.96168
0.00136849
   2.01709
  0.448335
 -0.157767
 0.0679876
 -0.164212
  -1.96169
0.00137053
   2.01709
  0.448332
 -0.157769
 0.0679878
 -0.164208
  -1.96169
0.00136981
   2.01709
  0.448336
 -0.157769
 0.0679847
 -0.164207
  -1.96169
0.00137053
   2.01709
  0.448336
 -0.157769
  0.067988
  -0.16421
  -1.96168
0.00136981
   2.01709
  0.448341
-0.157768
0.0679864
-0.164208
 -1.96169
0.0013691
  2.01709
 0.448341
 -0.157768
 0.0679859
  -0.16421
  -1.96168
0.00136778
   2.01709
  0.448338
  -0.15777
 0.0679879
  -0.16421
  -1.96168
0.00136981
   2.01709
  0.448341
 -0.157771
 0.0679921
 -0.164208
  -1.96168
0.00136981
   2.01709
  0.448337
  -0.15777
 0.0679907
  -0.16421
  -1.96168
0.00136981
   2.01709
  0.448337
 -0.157768
  0.067985
 -0.164212
  -1.96168
0.00136981
   2.01709
  0.448335
-0.157768
0.0679901
-0.164212
 -1.96168
0.0013691
  2.01709
 0.448335
 -0.157765
 0.0679869
 -0.164207
  -1.96169
0.00137053
   2.01709
  0.448338
 -0.157766
 0.0679888
 -0.164212
  -1.96168
0.00137053
   2.01709
  0.448345
 -0.157768
 0.0679886
  -0.16421
  -1.96168
0.00136981
   2.01709
  0.448343
-0.157768
0.0679917
 -0.16421
 -1.96168
0.0013691
  2.01709
 0.448342
 -0.15777
0.0679905
-0.164214
 -1.96168
0.0013691
  2.01709
 0.448336
 -0.157766
 0.0679886
  -0.16421
  -1.96169
0.00137053
   2.01709
  0.448334
 -0.157768
   0.06799
  -0.16421
  -1.96168
0.00136981
   2.01709
  0.448333
  -0.15777
 0.0679905
  -0.16421
  -1.96169
0.00136849
   2.01709
  0.448338
 -0.157769
 0.0679866
  -0.16421
  -1.96168
0.00137053
   2.01709
  0.448342
 -0.157768
   0.06799
 -0.164211
  -1.96168
0.00136981
   2.01709
  0.448341
-0.157768
0.0679884
 -0.16421
 -1.96168
0.0013691
  2.01709
 0.448341
 -0.157766
   0.06799
 -0.164208
  -1.96168
0.00136981
   2.01709
  0.448337
 -0.157766
 0.0679884
 -0.164212
  -1.96168
0.00137053
   2.01709
  0.448335
 -0.157768
 0.0679879
 -0.164209
  -1.96168
0.00137053
   2.01709
  0.448335
 -0.157768
 0.0679877
 -0.164216
  -1.96168
0.00137053
   2.01709
  0.448336
 -0.157766
 0.0679876
 -0.164213
  -1.96168
0.00137053
   2.01709
  0.448337
-0.157768
0.0679861
-0.164213
 -1.96168
0.0013691
  2.01709
 0.448339
 -0.157772
 0.0679921
 -0.164211
  -1.96169
0.00137053
   2.01709
  0.448338
-0.157769
0.0679902
 -0.16421
 -1.96169
0.0013691
  2.01709
 0.448341
 -0.157768
  0.067986
 -0.164208
  -1.96169
0.00136849
   2.01709
  0.448341
  -0.15777
 0.0679841
  -0.16421
  -1.96168
0.00136981
   2.01709
  0.448337
 -0.157769
 0.0679898
 -0.164214
  -1.96168
0.00136981
   2.01709
  0.448337
 -0.157768
 0.0679883
 -0.164213
  -1.96168
0.00136981
   2.01709
  0.448335
 -0.157765
 0.0679916
 -0.164212
  -1.96168
0.00137053
   2.01709
  0.448337
  -0.15777
 0.0679848
 -0.164212
  -1.96168
0.00136662
   2.01709
  0.448341
 -0.157768
 0.0679895
 -0.164208
  -1.96169
0.00136804
   2.01709
  0.448342
 -0.157766
  0.067991
 -0.164212
  -1.96168
0.00136814
   2.01709
  0.448345
-0.157766
0.0679893
-0.164215
 -1.96169
0.0013697
  2.01709
  0.44834
 -0.157768
 0.0679897
 -0.164209
  -1.96169
0.00136977
   2.01709
  0.448333
-0.157766
0.0679885
-0.164212
 -1.96169
0.0013698
  2.01709
 0.448334
 -0.15777
0.0679907
-0.164208
 -1.96168
0.0013691
  2.01709
 0.448334
-0.157767
0.0679886
 -0.16421
 -1.96168
0.0013691
  2.01709
 0.448338
-0.157768
0.0679901
 -0.16421
 -1.96168
0.0013691
  2.01709
  0.44834
  -0.15777
 0.0679922
 -0.164208
  -1.96169
0.00137053
   2.01709
  0.448341
  -0.15777
  0.067994
  -0.16421
  -1.96169
0.00136981
   2.01709
   0.44834
 -0.157766
 0.0679908
  -0.16421
  -1.96169
0.00136981
   2.01709
  0.448339
 -0.157768
 0.0679908
 -0.164214
  -1.96168
0.00137053
   2.01709
  0.448336
 -0.157771
 0.0679867
 -0.164208
  -1.96168
0.00136981
   2.01709
  0.448339
 -0.157769
  0.067986
 -0.164212
  -1.96168
0.00137053
   2.01709
  0.448336
 -0.157769
 0.0679898
  -0.16421
  -1.96168
0.00136981
   2.01709
  0.448336
  -0.15777
 0.0679885
  -0.16421
  -1.96168
0.00137053
   2.01709
  0.448339
 -0.157768
 0.0679923
  -0.16421
  -1.96168
0.00136981
   2.01709
  0.448342
-0.157766
0.0679903
-0.164212
 -1.96168
0.0013691
  2.01709
 0.448343
 -0.157768
 0.0679901
 -0.164208
  -1.96168
0.00136849
   2.01709
  0.448342
 -0.157768
 0.0679905
  -0.16421
  -1.96168
0.00137053
   2.01709
  0.448335
  -0.15777
 0.0679866
  -0.16421
  -1.96168
0.00136981
   2.01709
  0.448332
 -0.157768
 0.0679917
 -0.164214
  -1.96168
0.00137053
   2.01709
  0.448334
 -0.157767
 0.0679886
 -0.164213
  -1.96168
0.00136981
   2.01709
  0.448338
 -0.157768
 0.0679886
 -0.164213
  -1.96168
0.00136981
   2.01709
  0.448341
 -0.157765
  0.067986
 -0.164211
  -1.96168
0.00136981
   2.01709
  0.448342
-0.157768
0.0679857
-0.164212
 -1.96168
0.0013691
  2.01709
 0.448341
 -0.157769
 0.0679893
 -0.164212
  -1.96168
0.00136981
   2.01709
  0.448337
-0.157766
0.0679876
 -0.16421
 -1.96168
0.0013691
  2.01709
 0.448336
 -0.157769
 0.0679897
 -0.164216
  -1.96168
0.00136981
   2.01709
  0.448335
 -0.157766
 0.0679883
  -0.16421
  -1.96168
0.00136849
   2.01709
  0.448335
 -0.157772
 0.0679859
 -0.164208
  -1.96168
0.00137053
   2.01709
  0.448338
 -0.157768
 0.0679898
  -0.16421
  -1.96168
0.00136981
   2.01709
  0.448341
 -0.157772
 0.0679883
 -0.164214
  -1.96168
0.00137053
   2.01709
  0.448339
-0.157769
0.0679916
-0.164209
 -1.96168
0.0013691
  2.01709
  0.44834
-0.157768
0.0679905
-0.164207
 -1.96168
0.0013691
  2.01709
 0.448337
 -0.157772
 0.0679924
  -0.16421
  -1.96168
0.00136981
   2.01709
  0.448335
 -0.157767
  0.067985
  -0.16421
  -1.96168
0.00136981
   2.01709
  0.448338
 -0.157768
  0.067986
 -0.164212
  -1.96168
0.00136981
   2.01709
  0.448335
 -0.157768
 0.0679894
 -0.164214
  -1.96169
0.00136981
   2.01709
  0.448338
 -0.157766
 0.0679898
  -0.16421
  -1.96168
0.00136981
   2.01709
   0.44834
 -0.15777
0.0679885
-0.164212
 -1.96169
0.0013691
  2.01709
 0.448339
 -0.157767
 0.0679887
 -0.164212
  -1.96168
0.00136981
   2.01709
  0.448341
 -0.157771
 0.0679886
 -0.164212
  -1.96169
0.00136981
   2.01709
  0.448338
  -0.15777
 0.0679881
 -0.164214
  -1.96168
0.00137053
   2.01709
  0.448335
 -0.157768
 0.0679848
 -0.164211
  -1.96169
0.00136981
   2.01709
  0.448338
 -0.157772
 0.0679859
  -0.16421
  -1.96169
0.00137053
   2.01709
  0.448336
-0.157772
0.0679877
-0.164208
 -1.96169
0.0013691
  2.01709
  0.44834
-0.157767
0.0679897
-0.164212
 -1.96168
0.0013691
  2.01709
 0.448343
 -0.157771
 0.0679904
  -0.16421
  -1.96168
0.00136981
   2.01709
  0.448341
 -0.157769
 0.0679887
  -0.16421
  -1.96168
0.00136981
   2.01709
  0.448339
 -0.157768
 0.0679886
 -0.164212
  -1.96168
0.00136981
   2.01709
  0.448337
-0.157768
0.0679881
 -0.16421
 -1.96168
0.0013691
  2.01709
 0.448334
 -0.15777
0.0679886
 -0.16421
 -1.96168
0.0013691
  2.01709
 0.448338
 -0.15777
0.0679907
-0.164212
 -1.96168
0.0013691
  2.01709
 0.448335
 -0.157768
 0.0679886
 -0.164214
  -1.96168
0.00137114
   2.01709
   0.44834
 -0.157766
 0.0679881
 -0.164208
  -1.96169
0.00136981
   2.01709
  0.448339
 -0.157768
 0.0679884
  -0.16421
  -1.96168
0.00137053
   2.01709
   0.44834
-0.157766
 0.067988
-0.164209
 -1.96168
0.0013691
  2.01709
 0.448342
 -0.15777
0.0679864
 -0.16421
 -1.96168
0.0013691
  2.01709
 0.448341
 -0.15777
  0.06799
-0.164212
 -1.96168
0.0013691
  2.01709
 0.448334
-0.157768
0.0679884
-0.164209
 -1.96169
0.0013691
  2.01709
 0.448334
-0.157772
0.0679859
-0.164209
 -1.96168
0.0013691
  2.01709
 0.448333
-0.157769
0.0679915
-0.164212
 -1.96169
0.0013691
  2.01709
 0.448341
-0.157766
0.0679883
-0.164212
 -1.96168
0.0013691
  2.01709
 0.448343
-0.157768
0.0679859
-0.164207
 -1.96168
0.0013691
  2.01709
 0.448343
 -0.157767
 0.0679878
 -0.164208
  -1.96168
0.00137053
   2.01709
  0.448342
 -0.157765
 0.0679905
  -0.16421
  -1.96169
0.00137053
   2.01709
  0.448338
-0.157766
0.0679907
-0.164209
 -1.96168
0.0013691
  2.01709
 0.448336
 -0.157768
 0.0679924
 -0.164212
  -1.96168
0.00137053
   2.01709
  0.448336
 -0.157766
 0.0679871
 -0.164209
  -1.96169
0.00136981
   2.01709
  0.448334
 -0.15777
0.0679941
-0.164211
 -1.96168
0.0013691
  2.01709
 0.448335
 -0.157766
 0.0679888
 -0.164212
  -1.96168
0.00136849
   2.01709
  0.448338
-0.157766
0.0679925
 -0.16421
 -1.96168
0.0013691
  2.01709
 0.448341
 -0.157766
 0.0679867
 -0.164208
  -1.96168
0.00136981
   2.01709
   0.44834
-0.157768
 0.067986
 -0.16421
 -1.96169
0.0013691
  2.01709
 0.448342
-0.157768
0.0679894
-0.164213
 -1.96168
0.0013691
  2.01709
  0.44834
-0.157768
0.0679823
-0.164209
 -1.96168
0.0013691
  2.01709
 0.448335
-0.157766
0.0679876
-0.164211
 -1.96169
0.0013691
  2.01709
 0.448333
 -0.15777
0.0679876
 -0.16421
 -1.96168
0.0013691
  2.01709
 0.448333
 -0.157766
 0.0679876
 -0.164212
  -1.96168
0.00136981
   2.01709
  0.448339
 -0.157768
 0.0679876
  -0.16421
  -1.96168
0.00136981
   2.01709
  0.448342
 -0.157766
 0.0679897
 -0.164214
  -1.96168
0.00136981
   2.01709
  0.448342
 -0.15777
0.0679863
 -0.16421
 -1.96168
0.0013691
  2.01709
 0.448341
-0.157766
0.0679895
-0.164216
 -1.96168
0.0013691
  2.01709
 0.448334
-0.157768
0.0679915
-0.164209
 -1.96168
0.0013691
  2.01709
 0.448334
-0.157774
0.0679847
-0.164209
 -1.96168
0.0013691
  2.01709
 0.448335
 -0.157767
   0.06799
 -0.164211
  -1.96168
0.00136981
   2.01709
  0.448337
-0.157766
0.0679884
-0.164211
 -1.96169
0.0013691
  2.01709
  0.44834
 -0.15777
0.0679842
-0.164209
 -1.96168
0.0013691
  2.01709
 0.448341
 -0.157769
  0.067991
  -0.16421
  -1.96168
0.00136981
   2.01709
  0.448339
  -0.15777
 0.0679876
  -0.16421
  -1.96168
0.00136981
   2.01709
  0.448338
-0.157768
0.0679876
 -0.16421
 -1.96168
0.0013691
  2.01709
 0.448335
 -0.157768
 0.0679897
 -0.164212
  -1.96169
0.00136981
   2.01709
  0.448338
 -0.157771
 0.0679921
 -0.164212
  -1.96168
0.00137053
   2.01709
  0.448335
-0.157772
0.0679907
-0.164208
 -1.96168
0.0013691
  2.01709
 0.448338
 -0.157769
 0.0679833
 -0.164218
  -1.96168
0.00136981
   2.01709
  0.448339
 -0.157772
  0.067986
 -0.164213
  -1.96168
0.00136981
   2.01709
  0.448341
 -0.157766
 0.0679898
 -0.164212
  -1.96169
0.00136981
   2.01709
  0.448341
  -0.15777
 0.0679885
  -0.16421
  -1.96168
0.00136849
   2.01709
  0.448339
 -0.157769
 0.0679923
 -0.164212
  -1.96168
0.00137053
   2.01709
  0.448336
 -0.157767
 0.0679886
 -0.164213
  -1.96168
0.00137053
   2.01709
  0.448334
 -0.157767
 0.0679901
  -0.16421
  -1.96168
0.00136981
   2.01709
  0.448332
 -0.15777
0.0679884
-0.164212
 -1.96169
0.0013691
  2.01709
 0.448338
  -0.15777
   0.06799
 -0.164214
  -1.96168
0.00136981
   2.01709
  0.448341
 -0.157766
 0.0679905
 -0.164211
  -1.96168
0.00136981
   2.01709
  0.448344
  -0.15777
 0.0679886
 -0.164214
  -1.96169
0.00136849
   2.01709
   0.44834
 -0.157768
 0.0679934
 -0.164215
  -1.96168
0.00136849
   2.01709
  0.448339
 -0.157766
 0.0679886
 -0.164213
  -1.96169
0.00137114
   2.01709
  0.448333
 -0.157768
 0.0679924
 -0.164214
  -1.96168
0.00137053
   2.01709
  0.448335
 -0.15777
0.0679903
 -0.16421
 -1.96168
0.0013691
  2.01709
 0.448335
 -0.157769
 0.0679917
  -0.16421
  -1.96168
0.00136981
   2.01709
  0.448337
 -0.15777
0.0679886
-0.164208
 -1.96168
0.0013691
  2.01709
 0.448342
 -0.157768
 0.0679924
 -0.164209
  -1.96168
0.00136981
   2.01709
  0.448345
 -0.157767
 0.0679924
 -0.164211
  -1.96168
0.00137114
   2.01709
  0.448345
-0.157769
0.0679867
-0.164213
 -1.96168
0.0013691
  2.01709
 0.448341
 -0.15777
 0.067986
-0.164211
 -1.96168
0.0013691
  2.01709
 0.448339
 -0.157766
 0.0679898
 -0.164209
  -1.96168
0.00136849
   2.01709
   0.44834
  -0.15777
 0.0679905
 -0.164212
  -1.96169
0.00136981
   2.01709
  0.448336
 -0.157768
 0.0679923
 -0.164214
  -1.96169
0.00136849
   2.01709
  0.448336
  -0.15777
 0.0679886
 -0.164207
  -1.96168
0.00136981
   2.01709
   0.44834
 -0.157766
 0.0679879
  -0.16421
  -1.96169
0.00137114
   2.01709
  0.448341
  -0.15777
 0.0679858
  -0.16421
  -1.96168
0.00137114
   2.01709
  0.448341
 -0.157766
 0.0679898
  -0.16421
  -1.96169
0.00137053
   2.01709
  0.448338
