  15.7656
 -85.2936
  16.4046
 -39.4203
-0.169444
  -44.609
  33.6296
  15.7634
 -85.3005
  16.4082
 -39.4231
-0.168667
 -44.6089
  33.6223
  15.7696
 -85.3001
  16.4052
 -39.4226
-0.168149
 -44.6068
  33.6204
  15.7687
 -85.3019
  16.4057
 -39.4198
-0.164888
 -44.6094
  33.6202
  15.7653
 -85.2911
   16.409
 -39.4251
-0.168478
 -44.6092
  33.6283
  15.7687
 -85.3034
  16.4133
 -39.4192
-0.167148
  -44.608
  33.6308
  15.768
-85.3019
 16.4064
-39.4247
-0.16318
-44.6082
 33.6251
  15.7678
 -85.3009
  16.4066
 -39.4213
-0.168316
 -44.6074
  33.6317
  15.7648
  -85.298
  16.4093
 -39.4214
-0.166874
 -44.6108
  33.6264
  15.7653
 -85.2982
   16.401
 -39.4163
-0.167931
 -44.6091
  33.6214
  15.7659
 -85.2956
   16.408
 -39.4255
-0.164722
  -44.608
  33.6267
  15.7689
 -85.2994
  16.4077
 -39.4242
-0.167326
 -44.6082
  33.6246
  15.7682
 -85.2992
  16.4047
 -39.4186
-0.165316
 -44.6114
  33.6241
  15.7703
 -85.2992
  16.4082
 -39.4195
-0.168743
 -44.6096
  33.6289
  15.7639
  -85.294
   16.408
 -39.4202
-0.167159
 -44.6073
  33.6249
 15.7676
-85.3008
 16.4048
 -39.423
-0.16812
-44.6077
 33.6296
  15.7697
 -85.2972
  16.4109
 -39.4201
-0.164848
 -44.6091
  33.6273
 15.7636
-85.2955
 16.4096
-39.4229
-0.16639
 -44.611
 33.6249
  15.7674
 -85.2987
  16.4063
 -39.4201
-0.168605
 -44.6093
  33.6253
   15.762
 -85.2987
  16.4066
 -39.4205
-0.167067
 -44.6071
  33.6193
  15.7687
 -85.3016
  16.4091
 -39.4232
-0.167038
 -44.6096
  33.6235
  15.7681
 -85.3032
  16.4035
 -39.4203
-0.168915
 -44.6073
  33.6306
  15.7703
 -85.3019
  16.4075
 -39.4206
-0.166419
 -44.6078
  33.6271
  15.7615
 -85.2986
  16.4099
 -39.4233
-0.164711
  -44.607
  33.6331
  15.7685
 -85.2988
  16.4089
 -39.4251
-0.165424
 -44.6086
  33.6299
  15.7679
 -85.2959
  16.4059
 -39.4216
-0.168815
 -44.6096
  33.6205
  15.7647
 -85.3043
  16.4035
 -39.4192
-0.167207
 -44.6104
  33.6253
  15.7705
 -85.2952
  16.4098
 -39.4223
-0.167132
 -44.6078
  33.6214
   15.767
  -85.299
  16.4113
 -39.4197
-0.167082
 -44.6091
  33.6271
  15.7671
 -85.3039
  16.4052
  -39.425
-0.168069
   -44.61
   33.632
  15.7642
 -85.3024
  16.4082
 -39.4239
-0.166709
 -44.6086
  33.6282
  15.7602
 -85.3014
  16.4081
 -39.4208
-0.165779
 -44.6097
  33.6264
  15.7722
  -85.293
  16.4025
 -39.4211
-0.167177
 -44.6084
  33.6223
  15.7704
    -85.3
  16.4091
 -39.4236
-0.165216
 -44.6075
  33.6193
  15.7671
 -85.2972
  16.4085
  -39.423
-0.168677
 -44.6099
  33.6257
  15.7641
 -85.2925
   16.408
 -39.4126
-0.167115
 -44.6095
  33.6278
 15.7677
-85.2999
 16.4078
-39.4206
-0.16707
-44.6073
 33.6283
 15.7698
-85.2994
 16.4052
-39.4233
-0.16602
-44.6077
 33.6298
  15.7637
 -85.2994
  16.4058
 -39.4227
-0.165442
 -44.6091
  33.6297
  15.7675
 -85.2993
  16.4062
 -39.4199
-0.165911
   -44.61
  33.6296
  15.7675
 -85.2962
  16.4065
 -39.4228
-0.167099
 -44.6106
  33.6233
  15.7644
 -85.2972
  16.4041
   -39.42
-0.167036
  -44.608
  33.6222
  15.7651
 -85.3006
  16.4103
 -39.4205
-0.169035
 -44.6082
  33.6235
  15.7684
 -85.2999
  16.4092
 -39.4208
-0.167354
 -44.6084
  33.6201
  15.7651
 -85.2995
  16.4085
 -39.4258
-0.165334
 -44.6075
  33.6252
  15.7708
 -85.3018
   16.408
 -39.4168
-0.168755
 -44.6089
  33.6344
  15.7643
 -85.2958
  16.4104
 -39.4235
-0.169063
 -44.6099
  33.6319
  15.7679
 -85.2996
  16.4017
 -39.4204
-0.165497
 -44.6085
  33.6302
  15.7623
 -85.2995
  16.4086
 -39.4279
-0.168009
 -44.6076
  33.6217
  15.7689
 -85.2963
  16.4081
 -39.4187
-0.165649
 -44.6079
    33.62
  15.7654
    -85.3
  16.4054
  -39.422
-0.168111
 -44.6112
  33.6209
  15.7631
 -85.2993
  16.3991
 -39.4282
-0.166064
 -44.6093
  33.6277
  15.7694
 -85.3015
  16.4095
 -39.4189
-0.166346
 -44.6091
  33.6294
   15.766
 -85.3006
  16.4089
 -39.4197
-0.166534
  -44.608
  33.6242
 15.7689
-85.2977
 16.4082
-39.4227
-0.16666
-44.6082
 33.6238
  15.7682
  -85.298
  16.4102
 -39.4223
-0.167764
 -44.6094
  33.6246
  15.7651
 -85.2957
  16.4068
 -39.4221
-0.167503
 -44.6071
   33.623
  15.7686
 -85.2994
  16.4069
 -39.4195
-0.166308
 -44.6097
  33.6237
 15.7679
-85.2991
 16.4071
-39.4225
-0.16753
-44.6093
 33.6276
  15.7647
 -85.3038
  16.4072
 -39.4198
-0.166326
 -44.6091
  33.6261
  15.7705
    -85.3
  16.4071
 -39.4251
-0.166521
 -44.6059
  33.6334
  15.7669
 -85.2974
   16.407
 -39.4216
-0.166651
 -44.6099
  33.6312
  15.7617
 -85.2952
  16.4042
 -39.4216
-0.167758
 -44.6105
  33.6234
  15.7609
  -85.294
  16.4081
 -39.4216
-0.167499
 -44.6079
  33.6201
  15.7703
  -85.293
  16.4077
 -39.4216
-0.165431
 -44.6092
   33.621
  15.7663
 -85.3049
  16.4074
 -39.4264
-0.166779
  -44.608
  33.6248
  15.7664
 -85.3004
  16.4099
 -39.4201
-0.167843
 -44.6092
  33.6335
  15.7693
 -85.2973
  16.4065
 -39.4206
-0.166535
 -44.6091
  33.6269
  15.7685
 -85.3028
  16.4041
 -39.4185
-0.167681
  -44.609
  33.6319
  15.7703
 -85.2993
  16.4153
 -39.4243
-0.165552
 -44.6099
  33.6249
  15.764
-85.2965
 16.4051
-39.4186
-0.16788
-44.6065
 33.6201
  15.7679
 -85.2999
  16.4081
 -39.4243
-0.167581
 -44.6102
  33.6242
  15.7647
 -85.2967
  16.4054
 -39.4211
-0.169276
 -44.6098
  33.6258
  15.7655
 -85.3003
   16.406
  -39.416
-0.167681
 -44.6084
  33.6249
  15.7686
 -85.3023
  16.4087
 -39.4253
-0.166451
 -44.6075
  33.6294
  15.7652
 -85.2961
  16.4082
 -39.4217
-0.166628
 -44.6069
  33.6253
  15.7684
 -85.2998
  16.4055
 -39.4217
-0.166746
 -44.6095
  33.6328
  15.7651
 -85.2968
   16.406
  -39.424
-0.165804
 -44.6082
  33.6287
  15.7732
 -85.3003
  16.4111
 -39.4185
-0.166172
 -44.6114
  33.6227
  15.7612
 -85.2969
  16.4023
 -39.4218
-0.166418
 -44.6096
  33.6249
  15.7684
 -85.3026
   16.409
 -39.4218
-0.165707
 -44.6083
    33.62
  15.7702
 -85.3016
  16.4062
 -39.4217
-0.167984
 -44.6095
   33.622
 15.7667
-85.2982
 16.4036
-39.4216
-0.16867
-44.6082
 33.6285
 15.7667
-85.2958
 16.4047
-39.4192
-0.16711
-44.6094
 33.6309
   15.764
 -85.3018
  16.4082
 -39.4223
-0.168088
 -44.6072
  33.6325
  15.7625
 -85.2984
   16.405
 -39.4221
-0.167743
 -44.6087
  33.6274
  15.7692
 -85.3009
  16.4108
 -39.4219
-0.166492
 -44.6077
  33.6208
  15.7631
 -85.2929
  16.4044
 -39.4194
-0.167676
  -44.609
    33.62
  15.7644
 -85.2998
  16.4052
 -39.4225
-0.166447
 -44.6089
  33.6221
  15.7702
 -85.2945
  16.4057
 -39.4269
-0.167646
 -44.6089
  33.6283
  15.7663
 -85.2983
  16.4089
 -39.4229
-0.166428
 -44.6088
   33.635
  15.7664
 -85.2985
  16.4033
 -39.4201
-0.166612
 -44.6078
  33.6322
  15.7665
 -85.3012
  16.4095
 -39.4206
-0.165715
 -44.6091
  33.6304
  15.7667
 -85.2976
  16.4059
 -39.4209
-0.168154
   -44.61
  33.6208
  15.7666
 -85.3007
   16.401
 -39.4211
-0.166767
 -44.6096
   33.616
  15.7694
    -85.3
  16.4134
 -39.4189
-0.165818
 -44.6073
  33.6236
  15.7633
  -85.297
  16.4091
 -39.4221
-0.168223
 -44.6098
  33.6271
  15.7696
 -85.3005
  16.4083
 -39.4195
-0.167833
 -44.6074
  33.6279
   15.771
 -85.2972
  16.4128
 -39.4202
-0.167573
 -44.6089
  33.6306
  15.7675
 -85.3004
  16.4085
  -39.423
-0.167399
 -44.6078
  33.6282
  15.7644
 -85.2998
  16.4031
 -39.4225
-0.167284
 -44.6101
  33.6276
  15.7651
 -85.2943
  16.4043
 -39.4246
-0.165165
 -44.6097
  33.6237
  15.7719
 -85.2987
  16.4077
  -39.423
-0.166522
 -44.6075
  33.6248
  15.7651
 -85.2959
  16.4046
 -39.4202
-0.165655
 -44.6079
  33.6252
  15.7656
 -85.2968
  16.4129
  -39.423
-0.168115
 -44.6081
  33.6297
  15.7659
 -85.3004
  16.4063
 -39.4202
-0.164844
 -44.6093
  33.6317
   15.769
 -85.2948
  16.4065
 -39.4183
-0.165513
 -44.6071
  33.6279
  15.7631
 -85.2983
  16.4091
 -39.4265
-0.165958
 -44.6096
  33.6285
  15.7694
 -85.2984
  16.4033
 -39.4178
-0.169171
 -44.6104
  33.6205
  15.7685
 -85.3038
  16.4072
 -39.4238
-0.167444
 -44.6078
  33.6192
  15.7704
 -85.3021
  16.4074
 -39.4183
-0.166269
 -44.6091
  33.6193
  15.7668
 -85.2986
   16.402
 -39.4193
-0.168524
  -44.609
  33.6245
   15.764
 -85.2987
  16.4087
 -39.4248
-0.165992
 -44.6079
  33.6344
  15.7679
 -85.2987
  16.4054
 -39.4214
-0.167319
 -44.6092
   33.636
  15.7675
 -85.3011
   16.411
 -39.4191
-0.166186
  -44.608
  33.6287
  15.7696
 -85.2982
    16.41
 -39.4198
-0.167448
 -44.6092
  33.6238
  15.7687
 -85.3009
  16.4114
 -39.4227
-0.167292
 -44.6081
  33.6215
  15.7682
 -85.3004
  16.4052
   -39.42
-0.166168
 -44.6083
  33.6217
  15.7626
 -85.2922
  16.4084
 -39.4228
-0.167436
 -44.6084
  33.6252
  15.7667
  -85.302
  16.4027
   -39.42
-0.166264
 -44.6095
  33.6245
 15.7668
-85.3011
 16.4093
-39.4205
 -0.1675
-44.6092
 33.6261
   15.767
 -85.2927
  16.4062
 -39.4256
-0.167327
  -44.606
  33.6303
  15.7643
 -85.3024
  16.4065
 -39.4219
-0.167212
 -44.6079
  33.6278
  15.7702
 -85.2987
  16.4015
 -39.4218
-0.166114
 -44.6112
  33.6305
 15.7667
-85.2961
 16.4084
-39.4241
 -0.1674
-44.6083
 33.6282
 15.7639
-85.2969
 16.4079
-39.4157
-0.16624
-44.6095
 33.6224
  15.7678
 -85.3002
  16.4076
 -39.4203
-0.166463
 -44.6102
  33.6233
  15.7676
 -85.3023
  16.4098
 -39.4255
-0.167633
 -44.6077
  33.6201
  15.7673
 -85.2987
  16.4014
 -39.4242
-0.166395
  -44.608
  33.6242
  15.7643
 -85.2987
  16.4107
  -39.421
-0.167588
 -44.6082
  33.6362
  15.7651
 -85.3037
  16.4095
  -39.416
-0.169281
 -44.6094
  33.6279
  15.7658
 -85.2945
  16.4064
 -39.4253
-0.166663
 -44.6102
  33.6315
   15.766
 -85.3012
   16.409
 -39.4217
-0.164874
 -44.6067
  33.6206
  15.7662
 -85.2982
  16.4008
 -39.4165
-0.168448
 -44.6094
  33.6202
  15.7663
 -85.2985
  16.4105
 -39.4232
-0.166962
 -44.6091
  33.6232
  15.7716
 -85.3033
  16.4094
 -39.4227
-0.168864
  -44.608
  33.6272
 15.7701
-85.2971
 16.4088
-39.4199
-0.16449
-44.6082
 33.6269
  15.7639
 -85.2924
  16.4082
 -39.4252
-0.167172
 -44.6094
  33.6309
  15.7626
 -85.3022
  16.4054
 -39.4141
-0.166088
 -44.6112
  33.6241
   15.769
 -85.2989
  16.4084
 -39.4216
-0.167382
 -44.6074
  33.6311
  15.7682
 -85.2987
  16.4028
 -39.4215
-0.167249
 -44.6068
  33.6282
 15.7678
-85.2961
 16.4069
-39.4239
-0.16818
-44.6074
 33.6245
  15.7677
 -85.3023
  16.4117
 -39.4255
-0.166784
 -44.6088
  33.6261
  15.7645
 -85.2961
  16.4079
 -39.4218
-0.165829
 -44.6088
  33.6189
  15.7654
  -85.302
  16.4053
 -39.4241
-0.168231
 -44.6108
  33.6202
  15.7687
 -85.2985
  16.4085
 -39.4233
-0.166817
 -44.6091
  33.6293
   15.768
  -85.296
  16.4058
 -39.4204
-0.165851
  -44.609
  33.6293
 15.7676
-85.2996
 16.4061
-39.4208
-0.16533
-44.6089
 33.6325
  15.7645
 -85.2995
  16.4066
  -39.421
-0.166711
 -44.6078
  33.6295
  15.7652
 -85.2964
  16.4067
 -39.4212
-0.166777
 -44.6101
  33.6223
  15.7685
 -85.3023
  16.4016
 -39.4213
-0.167842
 -44.6087
  33.6235
 15.7703
-85.2962
 16.4084
 -39.419
-0.16566
-44.6077
 33.6254
  15.7692
 -85.3045
   16.408
  -39.417
-0.167952
  -44.609
  33.6246
  15.7661
 -85.2979
  16.4076
 -39.4184
-0.167628
 -44.6089
  33.6261
  15.7663
 -85.3006
  16.4098
 -39.4221
-0.166392
 -44.6099
  33.6209
  15.7637
 -85.2978
   16.409
 -39.4243
-0.167585
 -44.6075
  33.6285
  15.7647
 -85.2983
  16.4084
  -39.421
-0.166363
 -44.6079
  33.6331
  15.7681
 -85.2986
  16.4056
 -39.4235
-0.165671
 -44.6092
  33.6244
  15.7649
 -85.3009
  16.4035
 -39.4205
-0.167959
   -44.61
  33.6303
  15.7685
  -85.298
  16.4075
 -39.4208
-0.168654
 -44.6066
  33.6228
  15.7653
 -85.2956
  16.4075
 -39.4234
-0.167099
 -44.6083
  33.6197
 15.7686
-85.3043
 16.4044
-39.4204
-0.16706
-44.6094
  33.627
  15.7627
 -85.2949
  16.4104
 -39.4231
-0.167034
 -44.6071
  33.6257
  15.7691
 -85.3039
  16.4093
 -39.4202
-0.165121
   -44.61
  33.6331
  15.7684
 -85.2924
  16.4086
 -39.4204
-0.166572
 -44.6095
   33.632
   15.765
 -85.2967
  16.4057
 -39.4232
-0.167705
 -44.6082
  33.6229
  15.7759
 -85.3003
  16.4062
 -39.4251
-0.164548
 -44.6083
  33.6237
  15.7655
 -85.2969
  16.4037
 -39.4216
-0.168207
 -44.6095
   33.619
  15.7659
 -85.2976
  16.4049
 -39.4216
-0.166778
 -44.6082
  33.6225
  15.7634
 -85.3009
  16.4057
  -39.424
-0.168863
 -44.6104
  33.6289
 15.7645
-85.2975
 16.4114
-39.4208
-0.16826
-44.6088
  33.628
  15.7654
 -85.3008
  16.4101
 -39.4187
-0.165816
 -44.6088
  33.6303
  15.7709
 -85.2948
  16.4038
  -39.422
-0.168222
 -44.6098
  33.6281
  15.7672
 -85.3014
  16.4076
 -39.4218
-0.166812
 -44.6064
  33.6244
  15.7671
  -85.303
  16.4074
 -39.4166
-0.165848
 -44.6102
  33.6279
   15.767
 -85.2966
  16.4075
 -39.4233
-0.167222
 -44.6077
  33.6253
  15.7617
 -85.2974
  16.4023
 -39.4203
-0.167142
  -44.608
  33.6216
  15.7685
 -85.3007
  16.4114
 -39.4231
-0.166068
 -44.6082
  33.6251
  15.7651
 -85.2999
  16.4099
 -39.4226
-0.166349
 -44.6094
  33.6222
  15.7708
 -85.2943
  16.4066
 -39.4246
-0.167557
 -44.6071
  33.6297
  15.7644
 -85.2983
  16.4069
 -39.4213
-0.167365
 -44.6097
  33.6328
  15.7629
 -85.3013
  16.4069
 -39.4214
-0.167237
 -44.6104
  33.6287
  15.7692
 -85.3004
  16.4071
 -39.4238
-0.167152
 -44.6099
   33.629
  15.7684
 -85.2948
   16.407
 -39.4231
-0.167095
 -44.6095
  33.6198
  15.7627
 -85.3037
   16.407
 -39.4227
-0.167057
 -44.6082
  33.6197
  15.7691
 -85.2968
   16.407
   -39.42
-0.166011
 -44.6094
  33.6239
  15.7658
 -85.3028
   16.407
 -39.4205
-0.166311
 -44.6102
  33.6256
  15.7636
  -85.299
  16.4042
 -39.4185
-0.165636
 -44.6067
  33.6341
  15.7669
 -85.2963
  16.4051
 -39.4194
-0.166915
 -44.6074
  33.6316
  15.7668
 -85.3048
  16.4087
 -39.4201
-0.166913
 -44.6088
  33.6236
  15.7667
 -85.2952
  16.4053
 -39.4253
-0.168954
 -44.6088
  33.6245
  15.7695
 -85.2965
  16.4086
 -39.4241
-0.167299
 -44.6078
  33.6198
  15.7658
 -85.3047
   16.408
 -39.4185
-0.166173
 -44.6081
  33.6228
  15.7661
  -85.298
  16.4101
 -39.4243
-0.169335
 -44.6103
   33.635
  15.7641
 -85.3009
  16.4091
 -39.4158
-0.165678
 -44.6078
  33.6293
 15.7702
-85.2926
 16.4033
-39.4204
-0.16711
-44.6081
 33.6294
  15.7662
 -85.2997
  16.4121
 -39.4255
-0.166046
 -44.6072
  33.6219
  15.7741
 -85.2994
  16.4083
 -39.4195
-0.165459
 -44.6077
  33.6192
  15.7641
 -85.2916
  16.4079
 -39.4249
-0.167818
   -44.61
  33.6246
  15.7651
 -85.2986
  16.4052
 -39.4215
-0.166519
 -44.6086
  33.6271
 15.7656
-85.3014
 16.4058
-39.4239
-0.16767
-44.6106
 33.6289
 15.7659
-85.3005
 16.4088
-39.4232
-0.16642
 -44.608
 33.6312
  15.7639
 -85.2999
   16.406
 -39.4203
-0.167604
 -44.6082
  33.6244
  15.7699
 -85.2995
  16.4063
 -39.4183
-0.166376
 -44.6104
  33.6292
  15.7661
 -85.2941
  16.4065
 -39.4217
-0.166554
 -44.6068
   33.627
   15.769
 -85.3009
  16.4093
 -39.4217
-0.167693
 -44.6074
  33.6226
  15.7683
 -85.2976
  16.4085
  -39.424
-0.167456
 -44.6109
  33.6259
   15.765
 -85.3008
  16.4056
 -39.4209
-0.168318
 -44.6071
  33.6197
  15.7655
 -85.3002
  16.4085
 -39.4159
-0.166876
 -44.6086
  33.6218
  15.7635
 -85.2996
  16.4029
 -39.4229
-0.165016
 -44.6097
  33.6294
  15.7721
 -85.3043
  16.4094
   -39.42
-0.168543
 -44.6094
  33.6283
  15.7682
 -85.2979
  16.4062
 -39.4205
-0.168046
 -44.6081
  33.6329
  15.7677
 -85.2983
  16.4067
  -39.428
-0.166694
 -44.6114
  33.6308
  15.7674
 -85.3007
   16.404
 -39.4212
-0.164895
 -44.6085
  33.6221
  15.7696
 -85.3027
  16.4051
 -39.4189
-0.168462
 -44.6086
  33.6224
  15.7635
 -85.2891
  16.4108
 -39.4221
-0.165951
 -44.6096
  33.6184
  15.7622
 -85.2969
  16.4044
 -39.4195
-0.167291
 -44.6114
   33.626
  15.7688
 -85.2974
   16.408
 -39.4249
-0.168209
 -44.6075
  33.6323
  15.7632
 -85.3032
    16.41
 -39.4191
-0.164907
 -44.6069
  33.6293
 15.7694
-85.2993
 16.4067
-39.4199
-0.16745
-44.6075
 33.6314
  15.7685
 -85.2993
  16.4116
 -39.4228
-0.167294
 -44.6058
  33.6256
  15.7681
 -85.3041
  16.4078
   -39.42
-0.166169
 -44.6088
  33.6217
  15.7724
 -85.2975
  16.4078
 -39.4228
-0.165541
 -44.6087
  33.6242
  15.7607
 -85.2927
  16.4023
   -39.42
-0.165977
 -44.6108
  33.6258
  15.7702
 -85.2972
  16.4038
 -39.4229
-0.170059
 -44.6081
  33.6249
  15.7639
 -85.3004
  16.4076
 -39.4248
-0.164266
 -44.6083
  33.6274
  15.7648
 -85.3022
  16.4074
  -39.419
-0.168019
 -44.6094
  33.6229
  15.7682
 -85.3013
  16.4045
 -39.4198
-0.167673
 -44.6112
  33.6312
  15.7626
 -85.2981
  16.4107
 -39.4175
-0.167443
 -44.6074
  33.6313
  15.7663
 -85.3007
   16.407
 -39.4216
-0.167289
 -44.6088
  33.6246
  15.7692
 -85.2951
  16.4094
 -39.4163
-0.168207
 -44.6108
  33.6274
  15.7634
 -85.3016
  16.4065
 -39.4255
-0.165781
 -44.6092
  33.6208
  15.7698
 -85.2954
  16.4066
 -39.4242
-0.167178
  -44.608
  33.6193
  15.7687
 -85.2916
  16.4115
 -39.4233
-0.166092
 -44.6083
  33.6267
  15.7652
 -85.3062
  16.4055
 -39.4203
-0.167385
 -44.6094
  33.6255
  15.7659
 -85.3014
  16.4032
 -39.4231
-0.169146
 -44.6102
   33.634
  15.7689
 -85.3006
  16.4095
 -39.4226
-0.166573
 -44.6078
  33.6315
  15.7708
 -85.2925
  16.4064
 -39.4222
-0.164814
 -44.6091
  33.6236
   15.767
 -85.2998
  16.4066
 -39.4196
-0.168408
  -44.607
  33.6214
  15.7641
 -85.2996
  16.4067
 -39.4226
-0.165915
 -44.6106
  33.6197
  15.7701
 -85.2995
   16.404
 -39.4223
-0.168288
  -44.608
   33.628
  15.7667
 -85.2965
  16.4102
 -39.4196
-0.166856
 -44.6093
  33.6316
  15.7639
 -85.3001
   16.404
 -39.4174
-0.166898
 -44.6101
  33.6277
  15.7678
 -85.2944
  16.4077
 -39.4215
-0.165905
 -44.6087
  33.6294
  15.7674
 -85.3009
  16.4099
 -39.4187
-0.167261
 -44.6067
  33.6274
  15.7672
 -85.2976
   16.409
 -39.4247
-0.166147
 -44.6053
  33.6239
  15.7643
  -85.303
   16.406
  -39.426
-0.167422
 -44.6094
  33.6289
 15.7653
-85.2994
 16.4063
-39.4198
-0.16538
-44.6102
 33.6248
  15.7687
 -85.2939
  16.4066
 -39.4251
-0.167765
 -44.6077
  33.6201
  15.7679
 -85.2978
  16.4069
  -39.424
-0.166483
  -44.608
  33.6232
  15.7699
 -85.3008
  16.4071
 -39.4185
-0.166626
 -44.6103
  33.6282
 15.7638
-85.3001
 16.4094
-39.4194
-0.16672
-44.6067
 33.6328
 15.7675
-85.2999
 16.4062
-39.4201
 -0.1697
-44.6084
 33.6287
  15.7697
 -85.2967
  16.4091
 -39.4229
-0.165922
 -44.6085
  33.6217
  15.7638
 -85.3025
   16.406
 -39.4201
-0.167272
 -44.6096
  33.6262
  15.7675
 -85.2989
  16.4087
 -39.4205
-0.167175
 -44.6103
  33.6199
 15.7672
 -85.299
 16.4108
 -39.428
-0.16711
-44.6078
 33.6229
  15.7697
 -85.2963
  16.4072
 -39.4188
-0.166047
 -44.6101
  33.6323
  15.7637
 -85.2972
  16.4072
  -39.422
-0.168376
 -44.6076
  33.6304
  15.7646
 -85.3003
  16.4096
 -39.4267
-0.165894
   -44.61
  33.6332
  15.7605
    -85.3
  16.4042
 -39.4151
-0.168274
 -44.6086
  33.6244
  15.7674
 -85.2969
  16.4023
 -39.4223
-0.167867
 -44.6086
  33.6189
  15.7699
 -85.3002
  16.4066
 -39.4245
-0.165554
 -44.6087
  33.6224
  15.7688
 -85.2971
  16.4091
 -39.4212
-0.167027
 -44.6087
  33.6236
  15.7681
 -85.3005
  16.4033
 -39.4213
-0.168032
 -44.6087
  33.6281
  15.7701
 -85.2972
  16.4075
 -39.4238
-0.165664
 -44.6087
  33.6329
  15.7693
 -85.3006
  16.4075
 -39.4155
-0.168996
 -44.6077
  33.6266
  15.7609
 -85.2947
  16.4096
 -39.4202
-0.166473
  -44.609
  33.6287
  15.7703
 -85.3035
  16.4088
  -39.423
-0.165622
 -44.6089
  33.6244
  15.7668
 -85.2968
  16.4061
 -39.4225
-0.166051
 -44.6079
  33.6231
  15.7694
 -85.3001
  16.4065
 -39.4222
-0.167358
 -44.6091
  33.6262
  15.7661
 -85.2895
  16.4038
 -39.4196
-0.168253
  -44.608
  33.6221
  15.7638
 -85.3027
  16.4048
 -39.4202
-0.166832
 -44.6092
  33.6212
  15.7674
 -85.2985
  16.4082
  -39.423
-0.165861
 -44.6091
  33.6259
  15.7674
 -85.2961
  16.4029
 -39.4201
-0.167232
  -44.609
  33.6238
  15.7671
 -85.2995
  16.4116
 -39.4253
-0.165253
 -44.6089
   33.634
  15.7642
 -85.2993
  16.4049
 -39.4217
-0.165785
 -44.6078
  33.6345
  15.7678
 -85.3018
  16.4056
 -39.4193
-0.169056
 -44.6101
  33.6257
  15.7675
 -85.3057
  16.4088
   -39.42
-0.165472
  -44.609
  33.6238
  15.7675
 -85.2959
  16.4082
 -39.4252
-0.167827
 -44.6078
  33.6183
  15.7644
 -85.2995
  16.4102
 -39.4193
-0.166524
 -44.6101
  33.6218
  15.7651
 -85.3017
   16.407
 -39.4248
-0.167674
 -44.6096
  33.6326
  15.7634
  -85.301
  16.4069
  -39.419
-0.165547
 -44.6083
  33.6263
  15.7668
  -85.298
  16.4069
 -39.4198
-0.165981
 -44.6074
  33.6315
  15.7667
 -85.3008
  16.4018
 -39.4275
-0.168166
 -44.6099
  33.6288
  15.7667
 -85.2951
   16.411
 -39.4208
-0.167771
 -44.6085
  33.6267
  15.7718
 -85.2964
  16.4045
 -39.4211
-0.165612
 -44.6086
  33.6277
  15.765
-85.3022
 16.4081
-39.4161
-0.16792
-44.6086
 33.6231
  15.7707
 -85.2937
  16.4077
 -39.4254
-0.167607
 -44.6076
  33.6221
  15.7673
 -85.3004
  16.4099
 -39.4217
-0.167399
  -44.609
  33.6234
  15.7695
  -85.297
  16.4038
 -39.4193
-0.166239
 -44.6079
  33.6221
  15.7662
 -85.3051
  16.4048
 -39.4248
-0.167483
 -44.6082
  33.6308
  15.7636
 -85.3009
  16.4083
 -39.4214
-0.167316
 -44.6097
  33.6334
  15.7648
 -85.2952
  16.4051
  -39.419
-0.166184
 -44.6062
  33.6268
  15.7682
  -85.299
  16.4035
 -39.4222
-0.167447
   -44.61
  33.6278
  15.7677
 -85.2963
  16.4069
 -39.4244
-0.167292
 -44.6106
  33.6189
  15.7646
  -85.297
  16.4096
 -39.4211
-0.167188
  -44.609
  33.6199
  15.7681
 -85.3003
  16.4111
 -39.4213
-0.166099
 -44.6079
  33.6272
  15.7676
    -85.3
    16.41
 -39.4214
-0.166369
 -44.6092
  33.6269
 15.7648
-85.2969
  16.404
 -39.419
-0.16655
 -44.608
 33.6329
 15.7653
-85.3002
 16.4103
 -39.417
-0.16769
-44.6092
 33.6298
  15.7657
 -85.2999
  16.4094
 -39.4236
-0.167454
 -44.6101
  33.6235
   15.766
 -85.2996
  16.4033
 -39.4177
-0.166276
 -44.6086
  33.6264
   15.769
 -85.3019
  16.4073
 -39.4265
-0.167508
 -44.6066
  33.6233
  15.7655
 -85.2986
  16.4072
 -39.4225
-0.166312
 -44.6103
  33.6242
  15.7689
 -85.2985
  16.4097
  -39.417
-0.168553
 -44.6088
  33.6259
  15.7681
 -85.2988
  16.4064
 -39.4212
-0.167032
 -44.6078
  33.6207
  15.7701
 -85.3013
   16.404
  -39.426
-0.167015
 -44.6091
  33.6266
   15.759
  -85.298
  16.4125
 -39.4246
-0.165983
  -44.609
  33.6327
  15.7738
 -85.2982
  16.4083
 -39.4213
-0.166292
 -44.6099
  33.6274
   15.764
 -85.3032
  16.4103
  -39.419
-0.167519
 -44.6075
  33.6313
 15.7677
-85.2944
 16.4046
 -39.417
-0.16734
-44.6099
 33.6235
  15.7674
 -85.2985
  16.4078
 -39.4236
-0.169116
 -44.6085
  33.6181
  15.7646
 -85.2986
  16.4054
 -39.4253
-0.165532
 -44.6076
  33.6238
  15.7704
 -85.2958
  16.4059
 -39.4217
-0.168033
  -44.609
  33.6256
  15.7668
 -85.2998
  16.4062
 -39.4241
-0.167706
 -44.6099
   33.631
   15.764
 -85.2944
  16.4113
 -39.4185
-0.167488
 -44.6095
  33.6345
  15.7649
 -85.3008
  16.4102
 -39.4195
-0.167343
 -44.6083
  33.6268
  15.7685
 -85.2949
  16.4044
 -39.4249
-0.165205
 -44.6074
  33.6277
  15.7679
 -85.3012
  16.4052
  -39.419
-0.165773
 -44.6088
  33.6231
  15.7675
 -85.2976
   16.406
 -39.4198
-0.167173
 -44.6098
   33.622
  15.7645
 -85.2955
  16.4111
 -39.4204
-0.167109
 -44.6085
  33.6244
   15.768
 -85.3019
   16.405
 -39.4231
-0.167067
 -44.6086
  33.6217
  15.7676
 -85.3008
  16.4057
 -39.4226
-0.166018
 -44.6076
  33.6221
 15.7675
-85.3003
 16.4061
-39.4198
-0.16544
 -44.609
 33.6286
  15.7672
 -85.2997
   16.409
 -39.4204
-0.166785
 -44.6079
   33.634
  15.7695
 -85.3044
  16.4107
 -39.4255
-0.168868
 -44.6102
  33.6326
  15.7634
 -85.2949
  16.4096
 -39.4218
-0.166221
 -44.6077
  33.6286
  15.7673
 -85.2991
   16.404
 -39.4194
-0.166451
  -44.609
  33.6206
  15.7719
 -85.2991
  16.4076
 -39.4224
-0.168645
 -44.6069
  33.6172
  15.7628
 -85.2989
   16.405
 -39.4245
-0.167094
 -44.6105
   33.621
  15.7668
 -85.2988
  16.4059
 -39.4212
-0.166036
 -44.6089
  33.6268
   15.764
 -85.2962
  16.4064
 -39.4237
-0.167348
 -44.6089
  33.6318
  15.7677
 -85.2969
  16.4065
 -39.4183
-0.168246
 -44.6088
  33.6341
  15.7646
 -85.3002
   16.409
 -39.4217
-0.167848
 -44.6098
  33.6285
  15.7729
 -85.2969
  16.4084
 -39.4241
-0.165542
 -44.6085
  33.6285
  15.7634
 -85.3003
   16.408
 -39.4209
-0.168039
 -44.6075
  33.6217
  15.7696
    -85.3
  16.4079
 -39.4187
-0.165669
 -44.6079
  33.6222
  15.7664
 -85.2967
  16.4024
 -39.4196
-0.167103
 -44.6092
  33.6232
  15.7637
 -85.3025
  16.4091
 -39.4274
-0.167063
  -44.609
  33.6232
  15.7699
 -85.2989
  16.4084
 -39.4208
-0.167036
   -44.61
  33.6282
  15.7665
 -85.3015
   16.408
 -39.4234
-0.167018
 -44.6096
  33.6298
 15.7744
-85.2984
 16.4101
-39.4205
-0.16511
-44.6073
 33.6317
  15.7668
 -85.2984
  16.4046
 -39.4208
-0.168606
 -44.6088
   33.628
  15.7617
 -85.2985
  16.4026
 -39.4235
-0.167067
 -44.6088
  33.6253
  15.7687
  -85.301
  16.4068
 -39.4253
-0.166018
 -44.6077
  33.6202
  15.7705
 -85.2951
  16.4068
 -39.4194
-0.168357
 -44.6091
   33.621
  15.7671
  -85.299
  16.4071
 -39.4201
-0.167922
   -44.61
  33.6217
  15.7618
  -85.294
  16.4072
 -39.4206
-0.164716
 -44.6075
  33.6303
  15.7664
 -85.2978
  16.4097
 -39.4257
-0.167323
   -44.61
  33.6361
  15.7665
 -85.3034
  16.4036
  -39.422
-0.167209
 -44.6086
  33.6309
  15.7638
 -85.3021
    16.41
 -39.4219
-0.166112
 -44.6086
  33.6243
 15.7677
-85.2987
 16.4068
-39.4195
-0.16842
-44.6076
 33.6209
  15.7622
 -85.2937
   16.407
 -39.4226
-0.166943
  -44.609
  33.6194
  15.7688
 -85.3003
  16.4117
 -39.4223
-0.167977
 -44.6069
  33.6247
  15.7653
 -85.2998
  16.4078
 -39.4173
-0.165627
 -44.6105
  33.6262
  15.7685
 -85.2968
  16.4052
 -39.4235
-0.168096
 -44.6089
  33.6304
  15.7704
 -85.3001
  16.4084
 -39.4205
-0.166728
 -44.6089
   33.629
  15.7668
 -85.2969
  16.4079
 -39.4157
-0.167833
 -44.6088
   33.626
   15.764
 -85.3002
  16.4077
 -39.4175
-0.165532
 -44.6078
  33.6282
  15.7677
 -85.2999
  16.4051
 -39.4239
-0.165991
 -44.6081
  33.6234
  15.7674
 -85.2995
   16.406
 -39.4179
-0.166297
 -44.6093
  33.6233
   15.762
 -85.2994
  16.4062
 -39.4242
-0.166502
 -44.6091
  33.6242
  15.7687
 -85.2941
  16.4037
 -39.4233
-0.168679
 -44.6069
  33.6226
  15.7653
 -85.3009
  16.4077
 -39.4176
-0.168137
 -44.6095
    33.63
  15.7685
 -85.3001
  16.4098
 -39.4264
-0.166755
 -44.6082
  33.6319
  15.7706
 -85.2998
  16.4037
 -39.4224
-0.164935
 -44.6094
  33.6301
  15.7669
 -85.2966
  16.4099
 -39.4221
-0.166448
 -44.6092
  33.6286
  15.7669
 -85.2948
   16.409
 -39.4219
-0.167623
  -44.609
  33.6207
  15.7692
 -85.2984
   16.406
 -39.4218
-0.167409
 -44.6089
  33.6193
  15.7633
 -85.3036
  16.4087
 -39.4217
-0.167266
 -44.6078
  33.6205
  15.7644
 -85.3021
  16.4082
 -39.4217
-0.166151
 -44.6102
  33.6275
  15.7679
  -85.291
  16.4027
 -39.4216
-0.165529
 -44.6077
  33.6323
  15.7626
  -85.301
  16.4093
 -39.4192
-0.168885
  -44.609
  33.6356
  15.7664
 -85.2977
  16.4034
 -39.4199
-0.167254
 -44.6089
  33.6264
  15.7692
 -85.2955
  16.4021
 -39.4204
-0.168184
 -44.6089
  33.6264
  15.7684
 -85.2991
  16.4088
 -39.4255
-0.166786
 -44.6098
  33.6201
 15.7678
-85.2988
 16.4054
-39.4167
-0.16583
-44.6075
 33.6221
  15.7675
 -85.2987
  16.4087
 -39.4234
-0.164295
 -44.6079
  33.6264
  15.7675
 -85.2989
  16.4081
 -39.4228
-0.168039
 -44.6112
  33.6221
  15.7696
 -85.3041
   16.405
 -39.4248
-0.167686
 -44.6084
  33.6296
  15.7687
 -85.3001
  16.4084
 -39.4214
-0.167451
 -44.6075
  33.6285
  15.7657
 -85.2944
  16.4103
 -39.4214
-0.167295
 -44.6089
   33.631
 15.7661
-85.3011
 16.4093
-39.4239
-0.16617
-44.6088
 33.6285
  15.7611
 -85.2952
   16.401
 -39.4156
-0.168458
 -44.6098
  33.6236
  15.7653
 -85.2988
  16.4105
 -39.4226
-0.167989
 -44.6064
  33.6199
  15.7685
 -85.3014
   16.407
 -39.4223
-0.166657
 -44.6102
   33.621
   15.768
 -85.3031
   16.407
 -39.4268
-0.165744
 -44.6097
  33.6236
    15.77
 -85.2994
  16.4118
 -39.4204
-0.166133
 -44.6084
  33.6328
  15.7638
 -85.2991
  16.4055
 -39.4184
-0.168433
 -44.6075
  33.6328
  15.7675
 -85.2992
   16.406
 -39.4218
-0.166952
 -44.6079
  33.6317
  15.7675
 -85.2992
  16.4064
 -39.4193
-0.165067
 -44.6092
  33.6227
  15.7672
 -85.2961
   16.404
 -39.4224
-0.168577
  -44.608
  33.6186
  15.7671
 -85.2999
  16.4077
 -39.4269
-0.167048
 -44.6092
   33.622
   15.767
 -85.2995
  16.4074
 -39.4205
-0.166005
 -44.6081
  33.6233
  15.7641
 -85.2994
  16.4045
 -39.4208
-0.167328
 -44.6103
  33.6304
   15.765
 -85.2991
  16.4083
 -39.4211
-0.168233
 -44.6078
  33.6312
  15.7683
  -85.299
   16.405
 -39.4212
-0.167839
 -44.6081
  33.6296
  15.7678
 -85.2989
  16.4134
 -39.4213
-0.167577
 -44.6093
  33.6276
  15.7647
 -85.2988
  16.4067
 -39.4238
-0.167402
 -44.6091
   33.626
  15.7681
 -85.2938
  16.4091
 -39.4255
-0.165244
  -44.608
   33.623
  15.7703
 -85.3031
   16.406
 -39.4171
-0.167841
 -44.6092
  33.6251
  15.7667
 -85.3016
  16.4064
 -39.4185
-0.165537
 -44.6091
  33.6224
 15.7667
-85.2955
 16.4038
-39.4167
-0.16512
-44.6079
 33.6224
   15.767
 -85.2941
  16.4076
 -39.4258
-0.167592
 -44.6092
  33.6298
  15.7668
 -85.3009
    16.41
  -39.422
-0.167388
  -44.608
  33.6326
  15.7668
 -85.3001
   16.409
 -39.4219
-0.167253
 -44.6093
  33.6307
  15.7616
 -85.3023
  16.4084
 -39.4218
-0.168183
 -44.6101
  33.6251
  15.7708
 -85.2935
   16.408
 -39.4217
-0.166466
 -44.6076
  33.6204
  15.7671
 -85.3027
  16.4025
 -39.4193
-0.165724
  -44.609
  33.6201
 15.7642
-85.3038
  16.407
-39.4224
-0.16528
-44.6099
 33.6217
  15.765
-85.2998
 16.4095
-39.4197
-0.16771
-44.6075
 33.6284
  15.7684
 -85.2974
  16.4035
 -39.4203
-0.167471
 -44.6069
   33.636
  15.7651
 -85.2952
  16.4097
 -39.4206
-0.167309
 -44.6095
  33.6309
 15.7686
-85.2992
 16.4037
-39.4233
-0.16618
-44.6103
 33.6295
  15.7651
  -85.299
  16.4075
 -39.4227
-0.166423
 -44.6088
  33.6222
  15.7684
 -85.2991
  16.4074
 -39.4247
-0.166586
 -44.6087
  33.6215
  15.7703
 -85.3015
  16.4045
 -39.4189
-0.168735
 -44.6087
  33.6208
  15.7692
 -85.3031
   16.408
 -39.4198
-0.167154
 -44.6077
  33.6247
  15.7633
 -85.2971
  16.4077
 -39.4203
-0.167096
  -44.608
  33.6261
  15.7646
 -85.2978
  16.4123
 -39.4255
-0.168079
 -44.6082
  33.6304
  15.7704
 -85.2952
   16.403
 -39.4218
-0.166716
 -44.6074
  33.6287
  15.7643
 -85.2963
  16.4095
 -39.4217
-0.167825
 -44.6108
  33.6301
  15.7678
    -85.3
  16.4063
 -39.4265
-0.166547
 -44.6102
  33.6279
  15.7698
  -85.297
  16.4066
 -39.4202
-0.167712
 -44.6077
  33.6232
  15.7665
 -85.3028
  16.4067
  -39.423
-0.166472
  -44.609
  33.6189
  15.7638
 -85.3014
  16.4092
 -39.4202
-0.165621
 -44.6089
  33.6202
  15.7675
 -85.2984
  16.4033
 -39.4206
-0.165176
 -44.6078
  33.6231
 15.7673
-85.2986
 16.4073
 -39.421
-0.16865
-44.6102
 33.6335
  15.7695
 -85.2958
  16.4072
 -39.4236
-0.167097
 -44.6087
  33.6364
  15.7637
 -85.3021
  16.4098
 -39.4229
-0.168079
 -44.6067
    33.63
  15.7646
  -85.296
  16.4066
 -39.4277
-0.166716
 -44.6073
  33.6236
  15.7681
 -85.2995
  16.4069
 -39.4183
-0.166805
 -44.6098
  33.6192
  15.7624
 -85.2964
  16.4068
 -39.4194
-0.166864
 -44.6094
  33.6204
  15.7664
 -85.2971
  16.4093
 -39.4201
-0.165882
 -44.6082
  33.6232
  15.7666
 -85.3028
  16.4086
 -39.4206
-0.167246
 -44.6083
  33.6304
  15.7641
 -85.2991
  16.4057
 -39.4233
-0.166137
 -44.6095
  33.6302
  15.7701
 -85.2992
  16.4137
 -39.4204
-0.167415
 -44.6082
   33.631
  15.7662
  -85.299
  16.4041
 -39.4232
-0.165375
 -44.6104
  33.6285
  15.7739
 -85.2961
  16.4023
 -39.4203
-0.168783
 -44.6099
  33.6236
  15.7669
 -85.2999
  16.4066
 -39.4231
-0.167185
 -44.6075
  33.6214
  15.7695
 -85.2995
  16.4093
 -39.4227
-0.168138
 -44.6079
  33.6249
  15.7662
 -85.3018
  16.4034
 -39.4223
-0.165735
 -44.6092
  33.6243
  15.7664
 -85.2986
  16.4021
 -39.4197
-0.166127
  -44.609
   33.629
  15.7691
 -85.3012
  16.4088
 -39.4227
-0.167409
 -44.6099
  33.6303
  15.7631
 -85.2927
  16.4082
   -39.42
-0.167266
 -44.6065
  33.6258
  15.7671
  -85.297
   16.408
 -39.4205
-0.167171
 -44.6072
  33.6302
   15.767
 -85.3027
  16.4124
 -39.4185
-0.167108
 -44.6087
  33.6237
  15.7641
 -85.2992
  16.4059
 -39.4218
-0.167066
 -44.6087
  33.6225
   15.768
 -85.2964
  16.4087
 -39.4194
-0.166017
 -44.6107
  33.6247
  15.7625
 -85.2973
  16.4082
 -39.4248
-0.167335
 -44.6091
  33.6219
  15.7713
 -85.3004
  16.4078
  -39.419
-0.167217
   -44.61
  33.6285
  15.7699
 -85.2972
  16.4078
 -39.4246
-0.168159
 -44.6096
  33.6359
 15.7665
-85.2952
 16.4052
-39.4188
-0.16677
-44.6083
 33.6294
  15.7714
 -85.2986
  16.4058
 -39.4197
-0.167861
 -44.6095
  33.6276
 15.7678
-85.3014
 16.4034
-39.4203
-0.16555
-44.6092
  33.621
  15.7623
 -85.3007
  16.4097
 -39.4254
-0.166004
 -44.6091
  33.6175
  15.7667
 -85.3002
  16.4065
 -39.4242
-0.167326
  -44.608
  33.6234
  15.7667
 -85.2971
  16.4067
 -39.4234
-0.167211
 -44.6082
  33.6263
  15.7667
 -85.3002
  16.4092
 -39.4204
-0.167135
 -44.6094
  33.6293
  15.7667
 -85.2971
  16.4061
 -39.4208
-0.166063
 -44.6072
  33.6325
  15.7691
 -85.2977
  16.4064
 -39.4258
-0.166345
 -44.6077
  33.6243
  15.7684
 -85.3009
   16.409
 -39.4197
-0.166534
   -44.61
  33.6291
  15.7656
 -85.3001
  16.4108
 -39.4203
-0.169575
 -44.6086
   33.622
  15.7632
  -85.297
  16.4021
 -39.4184
-0.166859
 -44.6076
  33.6243
  15.7671
 -85.3003
  16.4039
 -39.4242
-0.167921
  -44.607
  33.6239
 15.7642
-85.2971
 16.4048
-39.4233
-0.16559
-44.6085
 33.6214
 15.7702
-85.2975
 16.4082
-39.4228
-0.16603
-44.6096
 33.6239
  15.7691
 -85.3009
   16.408
 -39.4224
-0.166323
 -44.6093
   33.635
   15.766
 -85.3001
  16.4048
 -39.4174
-0.166519
 -44.6081
  33.6322
  15.7689
 -85.2968
  16.4055
 -39.4235
-0.166649
 -44.6093
  33.6324
  15.7658
 -85.3028
  16.4111
 -39.4181
-0.166736
 -44.6081
  33.6229
  15.7633
  -85.299
  16.4098
 -39.4216
-0.166794
 -44.6103
  33.6178
  15.7672
 -85.2961
  16.4013
  -39.424
-0.166833
 -44.6108
  33.6195
 15.7621
-85.2971
 16.4055
-39.4232
 -0.1689
-44.6092
 33.6236
  15.7635
 -85.3005
  16.4062
 -39.4179
-0.168284
  -44.608
  33.6286
  15.7668
 -85.3001
  16.4063
 -39.4215
-0.165832
 -44.6062
   33.631
  15.7696
 -85.3021
  16.4116
 -39.4215
-0.168233
  -44.608
  33.6295
  15.7658
 -85.2936
  16.4028
 -39.4163
-0.166819
 -44.6082
  33.6315
  15.7713
 -85.3053
  16.4092
 -39.4231
-0.165852
 -44.6084
  33.6278
 15.7647
-85.2957
 16.4108
 -39.425
-0.16533
-44.6095
 33.6231
  15.7653
  -85.302
  16.4072
 -39.4263
-0.166711
 -44.6092
  33.6211
  15.7658
 -85.2957
  16.4044
 -39.4224
-0.167798
 -44.6091
  33.6237
  15.7688
 -85.2966
  16.4054
 -39.4146
-0.166505
  -44.609
  33.6213
 15.7682
-85.3024
 16.4088
 -39.422
-0.16664
-44.6068
  33.626
 15.7677
-85.2913
 16.4053
-39.4219
-0.16673
-44.6084
 33.6333
 15.7646
-85.3012
 16.4086
-39.4194
-0.16679
-44.6095
 33.6331
 15.7705
-85.3004
 16.4081
-39.4248
-0.16683
-44.6086
 33.6309
  15.7641
 -85.2998
  16.4101
 -39.4238
-0.167878
 -44.6085
  33.6212
  15.7678
 -85.2995
  16.4067
 -39.4207
-0.167579
 -44.6095
  33.6186
 15.7646
-85.2994
 16.4116
-39.4258
-0.16738
-44.6103
  33.621
  15.7705
 -85.2964
  16.4054
 -39.4221
-0.166226
 -44.6077
  33.6248
  15.7641
 -85.3023
  16.4109
  -39.422
-0.166454
  -44.608
  33.6345
  15.7678
 -85.3014
  16.4021
 -39.4195
-0.166606
 -44.6093
  33.6319
  15.7724
 -85.2929
  16.4015
 -39.4202
-0.166708
 -44.6091
  33.6281
   15.763
 -85.3001
  16.4083
 -39.4206
-0.167796
  -44.609
  33.6253
  15.7642
 -85.2996
  16.4053
 -39.4158
-0.166504
 -44.6079
  33.6216
   15.768
 -85.2941
  16.4057
 -39.4228
-0.166639
 -44.6081
  33.6209
 15.7675
-85.3055
 16.4089
-39.4299
-0.16775
-44.6093
 33.6257
  15.7697
 -85.2986
  16.4082
 -39.4221
-0.167494
 -44.6102
  33.6279
  15.7664
 -85.2986
  16.4078
 -39.4196
-0.166302
 -44.6087
  33.6316
  15.7639
 -85.2989
    16.41
 -39.4179
-0.167526
 -44.6077
  33.6257
    15.77
 -85.3014
   16.409
 -39.4214
-0.168365
 -44.6111
  33.6291
  15.7692
 -85.2983
  16.4032
 -39.4263
-0.165886
 -44.6083
   33.625
   15.766
 -85.2908
   16.415
   -39.42
-0.167248
 -44.6074
  33.6234
   15.771
  -85.298
  16.4073
 -39.4205
-0.167159
 -44.6078
  33.6222
 15.7621
-85.3012
 16.4072
-39.4185
 -0.1671
-44.6081
 33.6235
  15.7666
 -85.2977
  16.4048
 -39.4218
-0.165165
 -44.6093
  33.6263
   15.764
 -85.3033
  16.4058
 -39.4218
-0.168643
 -44.6091
  33.6305
  15.7648
 -85.2993
  16.4085
 -39.4217
-0.168113
  -44.608
  33.6322
  15.7654
 -85.2993
  16.4056
 -39.4216
-0.166739
 -44.6072
  33.6335
   15.771
 -85.2991
  16.4085
 -39.4192
-0.165799
 -44.6087
  33.6228
 15.7696
-85.2991
 16.4083
-39.4223
-0.16719
-44.6097
 33.6199
 15.7636
-85.2991
 16.4054
-39.4221
-0.16712
-44.6094
 33.6177
  15.7698
 -85.2989
  16.4086
 -39.4195
-0.165179
 -44.6081
  33.6256
  15.7665
 -85.3038
  16.4082
 -39.4225
-0.165735
 -44.6093
  33.6267
  15.7638
 -85.2948
  16.4078
 -39.4198
-0.169898
 -44.6081
  33.6348
  15.7675
 -85.3014
  16.4099
 -39.4227
-0.168095
 -44.6114
  33.6301
  15.7675
 -85.3004
  16.4043
 -39.4223
-0.165706
 -44.6085
  33.6289
  15.7672
 -85.3001
  16.4052
 -39.4221
-0.167128
 -44.6086
  33.6249
  15.7694
 -85.2947
   16.403
 -39.4219
-0.166059
 -44.6086
  33.6181
  15.7662
 -85.3013
  16.4021
 -39.4218
-0.167363
 -44.6076
  33.6213
  15.7614
 -85.3006
  16.4087
 -39.4217
-0.169131
  -44.609
  33.6238
  15.7682
 -85.2947
  16.4084
 -39.4217
-0.165543
 -44.6099
  33.6267
  15.7701
  -85.296
  16.4078
 -39.4216
-0.165999
 -44.6085
  33.6315
  15.7639
 -85.2998
  16.4047
 -39.4216
-0.165428
 -44.6086
  33.6247
    15.77
 -85.2996
  16.4106
 -39.4192
-0.167797
 -44.6086
  33.6304
 15.7666
-85.3018
 16.4097
-39.4199
-0.16563
-44.6097
 33.6281
  15.7691
 -85.2984
  16.4012
 -39.4276
-0.167932
 -44.6084
  33.6223
 15.7632
-85.2985
 16.4082
-39.4185
-0.16951
-44.6085
 33.6225
  15.7695
 -85.2958
  16.4078
 -39.4267
-0.168711
 -44.6076
  33.6225
  15.7635
 -85.2997
  16.4075
 -39.4127
-0.167304
 -44.6079
  33.6289
