 0.000332164
 -0.00123112
 0.000553248
-0.000276426
 0.000582493
 6.57947e-05
-0.000780643
 0.000778254
 0.000385677
-0.000280782
 0.000372528
 0.000388328
 4.38631e-05
 0.000937634
 -0.00068759
 0.000257118
 0.000462426
 0.000248352
 0.000258886
-0.000445476
  0.00137107
-0.000458393
 0.000728224
 0.000308284
-0.000391244
-0.000505578
 0.000177734
  0.00138877
 0.000344019
 -0.00183457
-0.000444091
 0.000852795
 0.000341116
 0.000118489
-0.000532217
-0.000420268
  0.00109701
 -0.00140968
-0.000545094
 2.39604e-05
-0.000158366
  -0.0011008
-0.000280179
 0.000731337
 0.000173834
 0.000750228
-0.000899554
-0.000105577
  0.00024948
-0.000186786
 0.000487558
 0.000115889
-5.66601e-05
 0.000315825
-0.000307744
 -0.00129174
  0.00052509
-0.000231773
-0.000479552
-3.77734e-05
 -2.6809e-05
 0.000506914
-0.000115176
  0.00035006
-0.000154516
  0.00144354
 -0.00123161
 0.000219486
 0.000100584
  0.00111001
 0.000233373
-0.000752624
-0.000244068
 0.000942166
-0.000531844
-0.000170303
-0.000209429
-0.000494032
 0.000147864
-0.000162712
  0.00062811
 8.62466e-05
-0.000113535
 0.000335099
-0.000329354
 9.85763e-05
 0.000541139
-0.000694884
-0.000383312
 0.000636387
 0.000460758
-0.000776382
 6.57175e-05
-0.000288855
-0.000463256
 0.000422627
 0.000186899
-0.000642264
 0.000688838
 -0.00116261
 -0.00019257
-0.000308837
 4.43926e-05
-0.000350119
 0.000283901
-0.000190389
  0.00043135
 0.000521234
 0.000350921
 0.000266954
-0.000233412
-0.000794077
-0.000683738
-0.000362047
-0.000858936
-0.000322865
-0.000500199
 8.17506e-05
-0.000258117
 0.000750601
-0.000798177
-0.000572624
 0.000341569
-0.000130016
 0.000529218
  0.00030264
-0.000149213
  2.4694e-05
 0.000175062
  -0.0003291
 0.000388041
 0.000115453
  0.00020176
  0.00110695
 1.64627e-05
 0.000116708
  -0.0002194
  2.1335e-05
-0.000397749
  0.00159257
-0.000468459
 0.000660589
-0.000479006
 0.000410546
 1.42233e-05
 0.000209552
 0.000586995
-0.000312306
 0.000997205
 0.000887088
-0.000283115
 0.000450292
-0.000335017
 -0.00106673
-0.000765016
 0.000664803
-5.82218e-05
-0.000188743
-0.000140615
-0.000223344
-0.000236437
  0.00125323
 -0.00011361
-0.000595626
 0.000430983
-0.000534553
-0.000386255
 -0.00161569
-0.000370941
-7.57399e-05
-0.000397084
 0.000844134
-0.000356369
-2.01445e-05
-0.000839766
-0.000247294
-0.000700107
 0.000292089
 5.94405e-06
 0.000440589
 0.000223929
  0.00137294
 0.000484751
   0.0012965
  0.00084434
-0.000552849
 5.63673e-05
 0.000386645
 0.000203214
-0.000883258
-0.000898905
-0.000643533
 0.000188246
 3.75782e-05
-0.000216954
  0.00111882
 -3.2027e-05
 5.03441e-05
-0.000985834
-0.000431315
 2.50521e-05
 9.27226e-05
-0.000237464
-2.13513e-05
  0.00114719
 0.000456401
 0.000826081
  0.00025406
 0.000299174
 -0.00137901
  0.00063538
 0.000764791
-0.000252544
  0.00055072
-6.79854e-05
-3.79096e-05
-0.000444624
  0.00153721
 0.000509861
-0.000168363
-0.000189665
-0.000282683
 0.000212086
-2.51485e-05
 -0.00129524
 -0.00142333
  0.00109418
-0.000126443
 4.89039e-05
-9.59684e-05
  0.00093267
-0.000863495
 0.000257539
 -0.00047697
 0.000472516
-0.000408207
-0.000301338
  0.00160512
-1.88515e-05
-0.000385119
 -0.00031798
 0.000315011
 0.000406031
 0.000273826
 8.67387e-05
 0.000637046
 -0.00146317
-0.000211987
 -0.00211004
 3.33281e-05
 0.000182551
-0.000416892
-0.000224916
 0.000230978
-0.000141324
-0.000200269
 2.22187e-05
-0.000353017
-0.000515287
-0.000706756
 0.000153985
 0.000462596
 0.000423299
-0.000222546
-0.000235345
-0.000852151
 0.000735255
 0.000102657
 0.000308397
 0.000282199
-0.000351815
 8.04623e-05
 -0.00080546
-0.000159444
 6.84379e-05
 0.000205598
-0.000368679
-0.000234543
    0.000291
-0.000774332
-0.000106296
-0.000603989
 0.000137065
 0.000311026
 4.70884e-05
 0.000431359
 0.000704482
  0.00057875
-0.000402659
 0.000740991
-0.000349461
 3.13922e-05
-0.000187145
 0.000944372
 0.000385833
 0.000381175
-0.000712432
-0.000232974
 0.000495646
-0.000124763
 0.000629582
-0.000392392
 0.000254116
-0.000474955
-0.000155316
 9.30718e-05
-8.31756e-05
  0.00140307
 0.000388019
 0.000169411
-0.000316636
  0.00101008
-0.000378762
-0.000292809
 0.000189392
-0.000947746
 0.000669753
-0.000211091
 -0.00108985
 0.000425661
 4.21527e-05
 -0.00204388
 0.000574595
-0.000759924
-0.000697539
 0.000479858
 0.000487224
 0.000265461
 -0.00136259
-0.000266551
 0.000142998
  0.00129821
-0.000236906
-0.000353352
-6.03851e-05
 -0.00090839
  0.00102873
 9.53319e-05
-0.000340951
   0.0015125
  0.00023915
-0.000277616
  0.00108983
-0.000520609
-0.000586059
-0.000227301
-0.000662104
-0.000315285
-0.000185077
  0.00147254
0.000302541
0.000258908
0.000405278
 0.00011541
0.000264528
0.000588692
 0.00121905
 0.000833111
 0.000106136
  0.00184329
  0.00157981
 -0.00021148
 0.000142658
-0.000343178
-0.000651018
 0.000627569
-0.000627178
 -0.00061723
-0.000140986
 9.51054e-05
-0.000737412
 0.000215602
  0.00041838
-0.000418119
-0.000411487
 -9.3991e-05
-0.000173955
 0.000491736
 -0.00050588
-0.000277892
-0.000278746
 0.000282487
-6.26607e-05
 -0.00011597
 0.000565183
-0.000337253
-0.000185262
-0.000742642
 0.000188325
 0.000195585
 0.000160045
 0.000376789
 0.000424779
-0.000773122
  6.1717e-05
  0.00012555
  0.00013039
-0.000368021
  0.00072591
-0.000366428
   0.0001342
 4.11446e-05
-0.000473112
-0.000150432
 0.000229371
  0.00048394
-0.000244285
 8.94664e-05
 2.74298e-05
 0.000241404
 0.000137071
 0.000152914
 -0.00038945
 0.000486757
  0.00117327
 1.82865e-05
-0.000395876
-0.000145978
 0.000101942
-2.22744e-05
-0.000881921
 0.000225367
  1.2191e-05
 0.000849707
-9.73189e-05
-0.000644115
 -0.00171027
-3.11356e-05
-0.000406567
 8.12734e-06
  9.6591e-06
-6.48793e-05
 0.000282667
 -0.00114018
  0.00118567
-0.000920659
 0.000655032
  6.4394e-06
 0.000194106
 0.000425803
 0.000697942
  0.00134726
 -0.00117058
-0.000212926
 4.29293e-06
 0.000129404
-0.000190849
  0.00144864
-0.000865066
  -0.0013372
-0.000141951
 2.86196e-06
 -0.00035454
 0.000110126
  0.00120312
 7.29033e-05
  0.00142858
-9.46337e-05
  0.00111553
-3.29095e-05
-0.000163941
 0.000293452
 4.86022e-05
 0.000395576
-0.000619901
-0.000369936
 0.000215419
 0.000128065
 -0.00173714
-0.000617212
-0.000385897
 0.000143545
-0.000246624
-9.37461e-05
 8.53765e-05
-0.000174752
-0.000411475
 0.000949162
  0.00074531
-0.000721228
 0.000174862
 5.69176e-05
  -0.0013372
-0.000831129
 7.59624e-05
 -0.00191598
 0.000632805
-0.000324235
 0.000275304
 0.000329233
  0.00065234
-0.000598972
 0.000485919
-0.000691754
 0.000224653
-0.000528541
  0.00144019
-0.000214721
 0.000250299
-0.000232866
 0.000652455
 0.000149768
 0.000359716
 0.000451502
 0.000506467
-0.000482748
 0.000401568
-0.000121842
 0.000540655
 0.000239811
 6.36422e-05
0.000337645
0.000327782
0.000267712
-0.00128765
0.000156986
-7.7485e-05
0.000279787
-0.000424518
 0.000775333
-0.000378337
 0.000904802
-0.000132701
-0.000289016
-0.000762911
 0.000366602
-0.000689537
-0.000252225
 4.63893e-05
-8.84676e-05
-0.000430036
 0.000203469
-0.000405212
 0.000189923
 0.000388662
 3.09262e-05
-5.89784e-05
 0.000188027
 -0.00155977
 0.000379472
-0.000522999
 0.000259108
 0.000577429
-0.000276678
-0.000112007
-0.000565132
 -0.00151026
 0.000300948
-0.000940885
-0.000728671
-0.000184452
 0.000637405
 0.000843949
  0.00131321
-0.000448982
  0.00113598
 7.10313e-05
-0.000122968
 0.000187578
 0.000325273
-0.000330951
 0.000907105
-0.000449105
 4.73542e-05
-0.000285429
-0.000112307
  0.00143755
-0.000777446
 0.000604736
 0.000257408
 3.15695e-05
 0.000250523
 0.000162488
 0.000958368
 3.85146e-05
-0.000153654
  0.00082122
 2.10463e-05
 0.000404375
-0.000129034
-0.000581791
 2.56764e-05
 -0.00075205
  0.00054748
-0.000542781
 3.22241e-05
 0.000151336
 -0.00113385
 0.000666732
 0.000705059
-0.000284627
 0.000194958
 0.000258842
-0.000373827
 -0.00146797
   0.0010013
-8.67725e-05
 0.000459862
 0.000129972
 0.000172561
 -1.1859e-05
-0.000266573
-0.000538893
 0.000498964
-0.000899851
  8.6648e-05
-0.000122318
-0.000245265
  0.00128035
 0.000847164
  -0.0014306
 0.000606525
-0.000499047
 0.000155813
  7.3849e-05
  0.00136219
 0.000564776
 0.000252696
  0.00040435
 0.000224114
-0.000133483
 4.92326e-05
 0.000908127
-0.000829909
 -0.00103796
 0.000269567
  0.00126303
  0.00014837
 3.28218e-05
-0.000615285
 9.63416e-05
-0.000135163
-0.000469903
  0.00028521
-0.000138446
 2.18812e-05
 -0.00210561
 6.42277e-05
-9.01086e-05
 0.000893157
-0.000366672
 -9.2297e-05
-0.000222771
 -0.00140374
 4.28185e-05
 0.000589542
-0.000610988
-0.000244448
 -0.00029889
 8.88446e-05
-0.000935827
 2.85457e-05
-0.000256586
 0.000242289
-0.000162965
 0.000275458
 0.000296589
   0.0013089
 1.90304e-05
 0.000478556
  0.00136795
-0.000108643
-5.37205e-05
 0.000197726
  0.00233066
-0.000636927
 0.000319038
 -0.00150088
-0.000629241
-0.000273173
-0.000342901
 0.000570428
 0.000781808
-0.000436922
-0.000443777
 0.000137318
 0.000292603
 0.000246117
-0.000331791
-0.000685221
 0.000358332
-0.000295852
-0.000465267
 0.000195069
 -0.00031064
-0.000458553
 -0.00101363
-0.000410726
 -0.00131086
-0.000310178
 0.000130046
 3.02659e-05
 -0.00105169
-0.000118939
 0.000375797
-0.000317094
 0.000350027
 8.66971e-05
-0.000217182
-0.000463766
 0.000570322
 0.000250531
  0.00099503
 0.000233351
 5.77981e-05
  0.00032993
-0.000309177
 0.000380214
 -0.00103941
 0.000663353
 0.000712379
-0.000436186
 0.000219953
 0.000539867
 -0.00122305
-2.88818e-05
-0.000138252
 0.000316613
-0.000114741
-0.000297841
 0.000319061
 0.000391062
-0.000668869
 0.000557446
-0.000345737
-0.000313853
-0.000198561
 0.000212707
 0.000260708
-0.000445912
 -0.00139161
 0.000326321
 0.000265483
-0.000132374
-0.000841539
 0.000173805
 0.000352339
 0.000185886
-0.000339265
 -0.00050118
  0.00014911
  -0.0012731
-0.000533744
-0.000971533
 0.000123924
-0.000782988
 -0.00033412
-0.000375311
-0.000374018
 0.000850597
-9.08768e-05
-0.000474196
  0.00114844
-0.000222747
  0.00022451
-0.000486704
-0.000639361
-6.05846e-05
 0.000890295
-0.000904807
 0.000529671
 0.000387032
  0.00137095
-0.000426241
  0.00116604
-5.60838e-05
 0.000510419
 0.000115755
-0.000216696
  0.00165995
-0.000840973
 0.000777357
-3.73892e-05
-0.000773344
-0.000160189
 9.28948e-05
  0.00158135
-3.83643e-06
-3.85736e-05
   0.0011815
-0.000515563
 0.000367925
 6.19299e-05
 0.000342159
 0.000647056
-2.57158e-05
-0.000418759
 0.000769915
-0.000229434
-0.000196072
 -0.00197594
-0.000218243
-1.71438e-05
 0.000370441
-4.35351e-05
 8.44027e-05
 0.000106644
 -0.00230064
-0.000145495
 0.000545383
-0.000959465
-0.000585835
-0.000181091
-0.000166263
-0.000550415
-0.000653809
-0.000193223
-0.000639643
-0.000390557
 0.000116632
 0.000126517
 0.000616401
-0.000435873
 0.000427996
-0.000983241
 0.000296441
 7.77546e-05
-0.000153014
  0.00112301
-0.000290582
 0.000285331
  0.00045813
-0.000359185
-0.000185523
 -0.00010201
 0.000986033
   0.0010127
 -0.00157302
-0.000251392
 0.000317355
 0.000113677
-6.80063e-05
 0.000182637
 2.55226e-05
  0.00071456
  0.00103883
-0.000345242
-0.000161574
 0.000192021
 0.000359117
  1.7015e-05
 0.000476373
-0.000513872
-0.000230161
 0.000129643
 0.000128014
  2.0525e-06
 1.13434e-05
 -0.00144566
 0.000214231
 0.000960183
 8.64286e-05
-0.000626734
-0.000981976
 0.000657176
 0.000799467
 0.000142821
 8.33102e-05
 5.76191e-05
-0.000180464
-0.000383383
-0.000768308
-2.38337e-05
  0.00130164
 5.55401e-05
-0.000198946
 0.000591768
 -0.00100157
 4.46063e-05
-0.000665503
-0.000338666
 0.000593839
 0.000104728
-8.02061e-05
-0.000430357
 0.000679351
-0.000443669
-0.000225777
 -0.00136735
 -0.00016754
 0.000183888
 0.000933798
-0.000196713
 0.000353835
-0.000150518
 -0.00026195
-0.000111693
 0.000359951
 0.000622532
-0.000131142
 0.000792702
-0.000657157
 0.000938991
 0.000162897
 -0.00023475
  0.00139837
 -8.7428e-05
-2.83441e-05
  0.00132513
 0.000625994
-0.000128761
  -0.0001565
 0.000423617
 0.000591329
-1.88961e-05
-0.000879816
-0.000139483
 0.000151518
-0.000104334
 -0.00236245
 0.000394219
  0.00110103
-0.000586544
 -0.00129941
 0.000541822
 0.000167803
-0.000388169
 0.000262813
 -0.00102922
 0.000165783
 0.000896962
-7.95951e-05
 0.000349228
 -0.00120821
 0.000175208
 0.000520279
 -0.00044629
 4.11625e-05
-0.000493873
-0.000479258
  0.00136466
 0.000116806
-0.000209959
  0.00146571
 -0.00117898
  0.00034892
 0.000155212
   0.0014184
 7.78704e-05
-0.000139973
-0.000786097
 0.000420436
-4.74572e-06
 0.000103475
 0.000674333
 -0.00115451
  0.00102031
-0.000524065
 0.000280291
 0.000437646
-0.000168376
-0.000262521
-0.000769675
-0.000433418
-0.000349377
-0.000369951
-0.000589855
 -0.00011225
-0.000175014
 0.000693309
 -0.00149537
-0.000232918
  0.00086699
 4.75727e-05
 0.000162525
 -0.00110002
  0.00101902
 0.000766324
 0.000401534
 -0.00174206
-0.000205644
 0.000583068
 0.000487356
 -0.00052708
-4.59295e-05
-0.000289123
 4.50548e-05
 0.000100263
-0.000323365
 -0.00113316
-0.000351387
-3.06197e-05
  0.00101368
 3.00365e-05
  6.6842e-05
-0.000452935
 -0.00051808
-0.000234258
-0.000670027
 2.61709e-05
 0.000576836
  0.00028192
-0.000301957
 0.000400599
-0.000156172
 0.000759741
 -0.00109618
 0.000941369
-4.94121e-05
 3.60543e-05
 2.97069e-05
 0.000545499
-0.000699932
-0.000173972
 7.07677e-05
  -0.0002703
 2.40362e-05
  0.00171523
0.000363666
0.000739805
 0.00044083
 0.00060399
0.000294518
0.000490742
 0.00138084
 -0.00040717
-6.36088e-05
-0.000262925
  0.00040266
-4.10138e-05
 8.98024e-05
-0.000774859
-0.000271447
 -0.00069202
 0.000381529
-0.000288372
-0.000264701
 5.98683e-05
-0.000753932
-0.000180964
 0.000188267
 0.000254352
-0.000192248
-0.000379918
 3.99122e-05
 -0.00148597
 0.000528971
 0.000125512
 0.000169568
-0.000128165
-4.98283e-05
-0.000210751
-0.000753285
 0.000352647
 -0.00056594
 0.000113046
-8.54435e-05
-3.32188e-05
 0.000334217
 0.000955872
-0.000414516
 0.000829133
  0.00128179
-5.69623e-05
 0.000215213
-1.45474e-05
 0.000637248
-0.000833156
-0.000653671
  -0.0003519
-0.000594787
-0.000297334
-0.000247057
 0.000187473
-0.000555437
  0.00132746
  -0.0002346
 -0.00104614
 0.000242587
 7.26541e-05
 0.000362341
 0.000186521
-0.000228652
  -0.0001564
-0.000697426
 0.000161724
 4.84361e-05
 4.20177e-06
 0.000124347
 0.000404377
-0.000661078
 0.000184663
-0.000129543
  0.00026965
   0.0012235
 0.000732512
-0.000287227
-0.000440719
 0.000679921
 0.000150997
-0.000294951
-0.000642393
 0.000488341
-0.000191485
-0.000293813
-0.000103531
-0.000136694
-0.000196634
 -0.00164896
-0.000324053
-0.000127657
 0.000360937
 0.000487791
 -0.00029458
 0.000106269
 0.000358752
 0.000433579
 0.000471708
 0.000890239
-0.000231618
 0.000244423
 0.000308205
-0.000981535
-0.000360562
 -0.00024234
-5.61216e-05
-0.000154412
 0.000400307
-0.000506607
 0.000803705
  0.00040924
-0.000811174
-3.74144e-05
 0.000453871
 2.95127e-05
-0.000100379
  0.00151915
-0.000376788
  0.00122246
 0.000624671
-0.000254232
 1.96751e-05
  0.00017044
-0.000207938
 0.000955234
-0.000948268
-0.000789979
 0.000387324
 1.31168e-05
-0.000361091
 9.87337e-05
-0.000569603
  0.00113106
-0.000526652
-0.000298596
-0.000432065
  0.00023399
  -0.0016296
-0.000379735
 -0.00156601
-0.000351102
-0.000199064
-8.45928e-05
 0.000155994
 -0.00132376
 0.000396457
-0.000487195
 0.000322744
 0.000424103
 0.000180964
-0.000133363
 0.000812916
 -0.00214855
 0.000324817
 0.000215163
 0.000839547
-0.000557526
-8.89088e-05
 0.000541944
 0.000330873
-0.000433069
 0.000793056
 2.88611e-06
 0.000306484
 0.000178086
    0.001582
 0.000220582
-0.000288713
 0.000528704
 1.92408e-06
 -3.3036e-05
-0.000118635
 0.000817307
 0.000796669
 0.000457139
 0.000352469
 0.000558095
 0.000452694
 0.000395628
-0.000675832
 0.000531112
-0.000344855
-0.000971446
-0.000184749
 0.000301796
 2.63931e-05
-0.000450555
 0.000354075
 0.000419711
-0.000647631
-0.000679978
-0.000273521
 1.75954e-05
 -0.00104635
-0.000970376
-0.000926619
 0.000774672
 0.000103493
 0.000292371
 0.000249089
-0.000460211
-9.01053e-05
  0.00058868
-0.000133166
 6.89956e-05
-4.24451e-05
-0.000546017
 0.000439178
-6.00702e-05
 0.000949265
-8.87773e-05
 -0.00116043
-0.000265656
 0.000348065
  -0.0004532
-4.00468e-05
-0.000573582
-5.91849e-05
 0.000432807
 6.02552e-05
-0.000242674
 0.000206493
  0.00117973
-0.000382388
  0.00116697
-0.000268274
 4.01701e-05
-0.000161783
   0.0010871
-0.000419941
 0.000394688
-0.000985258
 0.000377963
-0.000210579
-0.000107855
 0.000250014
 0.000369654
 0.000263126
-0.000656839
 0.000251975
-0.000140386
 0.000165455
 0.000912661
 -0.00095999
 -0.00103101
 0.000118919
 0.000724795
 0.000143768
-0.000364414
-0.000849621
 0.000566432
-0.000130527
 7.92796e-05
-7.36151e-05
 9.58456e-05
 0.000231775
 -0.00154976
 0.000934434
 0.000562596
 5.28531e-05
-4.90767e-05
  6.3897e-05
 0.000391876
-0.000558454
 -0.00058347
 0.000375064
 3.52354e-05
 0.000524094
  4.2598e-05
  0.00026125
-0.000609662
 -0.00038898
-0.000956383
 2.34902e-05
 0.000349396
 2.83987e-05
 0.000174167
  0.00152634
 0.000947106
  0.00112565
 1.56602e-05
 0.000232931
 1.89325e-05
-0.000121248
  0.00152619
-0.000575022
-0.000455993
 1.04401e-05
-0.000401525
-0.000224737
 0.000156527
 0.000508831
 0.000266266
  0.00090243
 6.96007e-06
-0.000267683
-0.000149825
  0.00034171
 0.000101862
 0.000734323
 4.48083e-05
 0.000654254
-0.000735267
-0.000303334
 -0.00048427
 -0.00186487
-6.72636e-05
-0.000619742
 0.000436169
-0.000490178
 1.22801e-06
-0.000322847
 -0.00124325
-4.48424e-05
  0.00135008
-0.000358834
-0.000326786
 8.18673e-07
 2.21279e-05
  0.00062923
-2.98949e-05
-0.000863187
 0.000410391
 0.000895767
 0.000475264
 1.47519e-05
 0.000419487
-0.000669544
-0.000575458
 -0.00037602
 0.000597178
 7.94835e-05
-0.000227524
  0.00150036
 0.000203251
   0.0013796
 -0.00025068
-0.000715505
 -0.00018437
-0.000151683
 0.000762882
 0.000135501
-0.000193891
-0.000723932
  0.00063662
 0.000555255
 0.000373596
 -0.00217018
 0.000647146
 0.000427551
-0.000482621
 -0.00133882
-0.000307998
-0.000225654
-0.000734708
-0.000774995
  -0.0014782
 0.000884678
-0.000242936
 3.20267e-05
-0.000150436
-0.000727164
  0.00013295
 0.000220957
 -0.00117345
 0.000951667
-0.000216008
 -0.00033765
 0.000973286
  -0.0016746
 0.000147305
 -0.00022549
-0.000479179
-0.000347456
  -0.0002251
   0.0016322
 0.000646835
 -0.00166503
-0.000150326
 0.000794171
 0.000209172
 0.000324651
 0.000342149
 0.000431223
 3.60068e-06
 0.000456594
-2.73646e-05
-9.79107e-05
-2.09247e-05
-0.000246619
0.000287482
0.000652014
0.000304396
0.000538569
0.000172085
0.000460768
-0.00063913
 0.000191655
 0.000434676
-0.000353881
 0.000359046
-0.000122636
-0.000167539
 -0.00117207
 0.000684582
 0.000289784
 0.000320891
-0.000317448
 0.000155602
-0.000111693
 0.000439322
-0.000750038
 0.000193189
 0.000213927
-0.000768444
-0.000133624
 0.000400256
-0.000690463
 0.000149589
 -0.00107763
 0.000142618
  4.4516e-05
-8.90829e-05
-0.000445239
 -0.00022295
-0.000549888
 0.000488004
-0.000461733
 2.96773e-05
  0.00017797
-0.000296826
 0.000834711
-0.000366592
-0.000324278
-0.000307822
 0.000576597
 0.000118647
 0.000514193
 8.17561e-05
 0.000405219
 0.000433429
 0.000351597
-0.000172414
 0.000316457
-0.000369282
  0.00151257
 0.000270146
 0.000288952
-0.000322414
 -0.00132137
-2.63877e-05
-8.82889e-06
  0.00100838
 0.000736909
 0.000192635
 0.000991483
 0.000325513
-0.000458401
 0.000231473
 -0.00078581
 -0.00127196
  0.00124205
-0.000545437
-0.000339803
 0.000372568
 0.000154315
-0.000523874
-0.000291165
-0.000285592
 0.000193187
-0.000226535
 0.000248378
-0.000134482
 -0.00156995
 -0.00019411
-0.000190395
 0.000128792
  0.00151941
-7.17734e-05
 0.000622422
 -0.00104663
-0.000129407
 0.000429882
 0.000735475
-0.000100682
-0.000488658
-5.97698e-05
 0.000997664
-0.000643083
   0.0008434
 0.000490317
-0.000623934
 0.000352396
-3.98465e-05
 0.000902469
 0.000777704
  -0.0023146
-0.000879548
 0.000140856
-0.000239787
 0.000210795
  0.00182235
  0.00107528
 -0.00042944
  0.00062006
-0.000462908
 7.75009e-05
 0.000615248
-5.80389e-06
-0.000489572
-0.000286293
 -0.00023624
 0.000805019
 0.000289026
-0.000301912
 -0.00146193
 0.000880045
  0.00101556
-0.000714305
-0.000576945
-0.000485484
-0.000438633
-0.000737262
-0.000619729
 0.000120231
 8.06083e-05
 -0.00038463
 0.000117153
-0.000292422
 -0.00120358
-0.000413153
 8.01538e-05
 -0.00105989
 0.000300392
 7.81022e-05
-0.000669666
 0.000180954
-0.000275435
  0.00116706
-0.000149778
-0.000356551
-0.000185291
 2.82738e-05
  0.00107007
 -0.00129725
-0.000335584
 -9.9852e-05
 0.000319112
-0.000326978
 1.88492e-05
 0.000476022
  0.00145522
 -0.00143015
  0.00113986
-0.000344071
-0.000217985
 0.000487284
 7.99893e-05
-0.000793092
 -0.00039662
 0.000759905
 0.000327431
 0.000736295
-0.000149862
 0.000290685
 0.000677698
   0.0003852
 -0.00014301
   0.0007751
-0.000628114
-9.99079e-05
-0.000280928
 0.000451798
 0.000813612
-9.53403e-05
-0.000596891
 0.000259426
 0.000170754
 0.000762151
-0.000348415
 0.000542408
 0.000586054
-0.000397927
  0.00017295
 0.000588554
 -0.00118732
 0.000974149
-0.000195207
-0.000815723
-0.000914899
   0.0001153
-0.000319708
 -0.00126626
9.26209e-05
0.000426674
1.29964e-05
3.96814e-05
7.68668e-05
2.42205e-05
0.000376526
-0.000587867
-0.000921976
-0.000548148
 -0.00117997
 0.000288604
 0.000490865
-0.000257609
 0.000814515
 0.000591775
  0.00019138
  0.00097659
-0.000282316
 8.98843e-05
  0.00128632
-0.000663416
-0.000811909
 0.000127587
  0.00065106
 4.91486e-05
-0.000177436
  0.00160353
-0.000442277
  -0.0016549
 -0.00102857
  0.00043404
-0.000204593
-0.000118291
-0.000151681
 0.000354762
   0.0017736
 0.000427913
-0.000267452
 0.000100963
 0.000158498
 0.000136239
0.000236508
0.000625586
0.000934889
0.000378511
0.000508118
0.000343025
-0.00184195
-0.000491942
 0.000417057
-0.000583166
  0.00025234
-0.000102064
-0.000246035
 -0.00122797
-0.000884773
  -0.0014852
 0.000168034
 0.000168227
-0.000508852
 7.33357e-05
 0.000639416
-3.30368e-05
 0.000216293
 0.000112023
-0.000444661
 0.000338934
-0.000425827
  0.00113835
 0.000627589
 0.000144195
  7.4682e-05
 0.000260372
-0.000248762
 0.000428192
  0.00150489
-0.000788033
 9.61302e-05
 0.000699402
 0.000173581
 0.000308877
-0.000189257
-0.000454803
 3.14566e-05
-0.000585527
-0.000740158
-0.000441091
-3.14413e-05
 0.000111188
 -0.00128655
 0.000670585
 0.000259263
 0.000712987
-0.000943675
-2.09608e-05
 0.000311484
-0.000349071
-0.000202557
 -0.00103358
-0.000174289
 2.04974e-05
-0.000251333
-2.97028e-05
-0.000741341
-0.000135038
  0.00051737
-0.000673005
-0.000635949
 6.98037e-05
 -0.00049452
-0.000256868
-9.00254e-05
-0.000304701
 -0.00044867
  0.00078246
-0.000190823
-0.000804398
  0.00057474
 0.000589597
  0.00100329
 0.000257699
  0.00107845
 0.000110144
 0.000175812
-0.000600184
 0.000393065
 0.000112049
 0.000171799
-0.000394656
 -0.00036738
 0.000354567
 0.000345862
-0.000387571
 -0.00113173
 0.000114533
  0.00085052
 0.000195889
 -0.00023834
  0.00145128
-0.000258381
-0.000197672
 7.63552e-05
 0.000567013
-0.000106766
-0.000158893
 0.000696251
-0.000729066
 0.000517832
 5.09035e-05
-0.000735615
-7.11774e-05
 0.000368789
-0.000485268
 0.000720382
 0.000345222
-0.000522876
 -0.00049041
-4.74516e-05
-0.000466218
 -0.00154422
-0.000169359
 0.000230148
 0.000208228
 -0.00032694
 0.000646534
-7.34527e-05
-0.000554759
-0.000669718
-0.000496182
-0.000417993
 0.000338852
-0.000247146
-4.89685e-05
  0.00108822
 0.000759947
 0.000875638
  0.00027815
-0.000330911
 7.25951e-05
 0.000204713
  1.3405e-05
-0.000142982
 2.69466e-05
-0.000371379
-0.000220607
 4.83967e-05
 0.000373834
    0.001467
-9.53217e-05
 1.79644e-05
-0.000804398
  0.00152336
 3.22645e-05
-0.000225495
  0.00074064
 -0.00062036
-0.000637638
 2.05467e-05
 -0.00065486
-0.000215849
 0.000324388
 -0.00147293
 0.000792853
-0.000425092
 1.36978e-05
 0.000120239
 0.000330818
-0.000258459
-0.000981952
 0.000528568
 0.000366219
 -0.00054768
  0.00119378
-0.000254172
 0.000302412
 -0.00160407
    0.001466
 0.000244146
 0.000748504
 -0.00152419
  0.00030527
-3.57511e-05
 0.000388682
-0.000136289
 -0.00048685
  0.00114862
 0.000190296
 0.000203513
-2.38341e-05
  0.00171718
-0.000740473
 0.000325047
  0.00011613
 0.000683676
-0.000339042
-1.58894e-05
 0.000873521
-0.000493649
-0.000432916
-0.000479392
-0.000101028
 1.13306e-05
-1.05929e-05
 0.000582348
-0.000329099
 0.000361004
 0.000886831
-6.73519e-05
 0.000244913
-7.06195e-06
-0.000561204
-0.000776211
-0.000408945
 -5.8393e-05
 0.000511911
-0.000311443
-4.70797e-06
 -0.00159484
-0.000517474
 0.000376984
-3.89287e-05
 -0.00142196
  0.00047054
-0.000240498
-7.98819e-05
  0.00141826
-0.000955103
-0.000582764
-0.000298362
-0.000127116
 7.70272e-05
-0.000561881
-0.000817735
   0.0011265
 -0.00038851
 0.000357904
-0.000322103
 5.13515e-05
 0.000371398
 1.16556e-05
-0.000455424
 0.000297806
 0.000238603
-0.000214735
-0.000203125
 0.000722317
-0.000549042
 0.000345998
 0.000198537
 0.000159068
  9.4202e-05
 0.000101943
 6.82647e-06
 0.000190784
 -0.00218219
 0.000781972
-0.000450766
  0.00030016
-0.000169397
 0.000953987
 0.000776803
 0.000958061
 0.000521315
-0.000300511
-3.72521e-05
 0.000124427
  0.00114462
-0.000131745
-1.09068e-05
-0.000302071
 0.000356471
-0.000262194
 8.29516e-05
 1.70931e-05
  -8.783e-05
-0.000564083
  0.00100505
-0.000319164
 6.25632e-05
 5.53011e-05
 0.000520022
-5.85533e-05
 0.000180757
 -0.00109321
 0.000900848
-0.000399101
 3.68674e-05
 -0.00185737
 0.000610578
 0.000120504
 0.000477621
 4.37531e-05
-0.000266067
-0.000212781
 -0.00195032
-0.000242562
  0.00072995
 0.000318414
-0.000527643
  0.00050079
 0.000332864
 0.000157848
-0.000161708
  0.00160026
-0.000437338
-0.000351762
-0.000344308
-1.54495e-05
  0.00057995
-0.000107805
  -0.0006964
-0.000291559
 0.000879116
 0.000211271
-0.000247659
   0.0018447
 0.000577744
 0.000185348
-0.000751184
-0.000527547
-9.65118e-05
 0.000309612
 0.000992438
0.000385163
0.000680377
5.60223e-05
0.000761926
0.000173018
0.000206408
-0.00154242
 0.000813587
 0.000453585
 3.73482e-05
-0.000605673
-0.000325464
-9.97536e-05
-4.49371e-05
-1.44206e-05
-0.000254422
 2.48988e-05
-0.000403782
-0.000216976
-0.000303861
 -0.00125066
-9.61375e-06
 0.000387197
  0.00122303
  0.00140125
 0.000296159
 0.000272144
-0.000596415
-6.40917e-06
-0.000948294
-0.000947888
-0.000179459
 0.000197439
-5.59298e-05
-0.000160251
  -0.0012107
-0.000632196
 0.000574501
-0.000119639
-0.000309183
-3.72865e-05
-0.000344193
 0.000399293
 0.000784962
-0.000266613
 -0.00128619
 0.000234687
-2.48577e-05
 0.000753882
 -0.00094023
 -0.00123993
-0.000177742
 0.000905781
 0.000156458
-0.000253931
 0.000977306
-7.00082e-05
 0.000379806
-0.000675307
  4.7042e-05
 0.000104305
 6.80718e-05
 0.000651537
-0.000603484
 -0.00039641
 0.000756221
-0.000525451
-0.000167822
-0.000191978
 0.000942985
 0.000154489
  0.00149896
 0.000504148
 0.000763324
 0.000125478
-0.000127985
 -0.00110067
 0.000752607
 0.000442498
-0.000313516
-4.79296e-05
 8.36517e-05
 0.000152035
 -0.00168322
 0.000501738
-0.000911427
 0.000440604
-0.000588765
-0.000181591
 -0.00061072
-0.000172709
-0.000315122
 4.19957e-05
 0.000850548
 0.000164302
 0.000116298
  0.00030493
-0.000352499
-0.000210081
-0.000621617
 1.02198e-05
 0.000666347
 7.75321e-05
 0.000440646
  0.00173169
  0.00050956
-0.000414411
-0.000642801
-0.000112581
 5.16881e-05
 5.64049e-05
  0.00139182
-0.000309907
  0.00037334
-0.000985346
-7.50539e-05
  -0.0002029
-0.000199756
-0.000292824
-0.000206605
 0.000248893
-0.000656897
 -5.0036e-05
-0.000135267
 0.000104188
-0.000195216
 0.000511877
-0.000483685
 0.000768494
-0.000590169
-9.01779e-05
  -0.0001679
 -0.00158821
 0.000341252
 0.000327157
-0.000694096
 -0.00104306
  0.00017724
 0.000125426
-0.000821445
 0.000227501
 0.000218105
-0.000462731
 0.000511052
  0.00011816
 0.000320976
 0.000673073
 0.000151667
 0.000145403
 0.000897939
-0.000865724
-0.000158585
-2.33749e-05
-2.60025e-05
-0.000548502
 0.000653747
-5.09882e-05
  0.00118609
 0.000131635
-0.000490301
 0.000694742
 0.000283946
 -0.00012098
-3.39921e-05
 0.000233914
-0.000149602
 0.000385209
 0.000463161
-0.000460317
-8.06536e-05
-0.000579473
 -0.00105048
 0.000374983
 1.94473e-05
 7.14152e-05
-0.000306878
 -5.3769e-05
 0.000170496
-5.07084e-05
 1.26298e-05
-0.000224394
  0.00126831
-0.000761397
 0.000520966
 0.000763278
  0.00107982
 8.41989e-06
 8.77629e-05
-0.000137802
  0.00181245
-0.000209501
 -0.00125439
 0.000719879
-0.000231746
 5.85086e-05
 -0.00154993
 -0.00166856
-0.000139668
-0.000279445
-7.68927e-05
-0.000154497
 0.000276365
-0.000287301
 0.000650864
  0.00102051
-0.000743109
-0.000608074
 0.000134361
-0.000290475
 -0.00117488
-0.000215705
  -0.0010829
 0.000618218
   -0.001055
 8.95739e-05
 0.000281068
  0.00067481
-0.000143803
 -7.2317e-05
-0.000144667
 0.000503095
 0.000500525
-4.99802e-05
  0.00190794
 0.000553745
-4.82113e-05
 0.000460368
 0.000892209
-0.000344485
-0.000270679
 0.000525972
-0.000837262
-0.000681755
 0.000306912
 3.79938e-05
 0.000245061
 5.69062e-05
 0.000113289
-1.36298e-06
 0.000195111
 0.000204608
 0.000582141
 0.000163374
 0.000275296
 -0.00114518
 0.000648705
 -0.00107635
-0.000977219
 -0.00072553
 0.000108916
 0.000183531
 -0.00195025
  0.00043247
 0.000488858
-0.000651479
-0.000483687
 7.26108e-05
-0.000115005
-0.000113369
  -0.0003613
-0.000880521
 0.000679304
 0.000791166
-0.000426311
-0.000314029
-0.000312939
-0.000240867
 0.000619412
  0.00045287
 -0.00058618
-0.000284207
 2.80063e-05
 0.000774718
-0.000160578
-0.000236673
 0.000301913
-0.000390787
 4.78875e-05
  0.00025603
 0.000991197
 0.000542562
-0.000714594
-0.000912349
-0.000260524
  3.1925e-05
-6.66724e-05
 0.000423439
-0.000287906
  0.00073003
 0.000505392
 0.000383129
 2.12833e-05
-4.44483e-05
  0.00102828
-0.000191937
 0.000486687
 0.000336928
 0.000255419
 -0.00022317
-0.000266991
 0.000922878
-0.000127958
 0.000324458
 0.000224618
-0.000386532
-0.000352231
 5.93649e-05
-0.000605451
-8.53055e-05
 0.000216305
-0.000407066
-0.000257688
-3.13698e-05
-0.000197782
  -0.0018617
-0.000613682
  0.00125783
-0.000828189
 0.000941832
 0.000453805
 0.000342863
 -0.00147849
 0.000797304
-0.000924686
-0.000552126
 7.10759e-05
-0.000172181
-0.000246143
-0.000510942
-0.000118078
 3.31564e-05
  0.00074554
-0.000509428
-0.000114788
 7.32639e-05
  0.00135479
 -0.00119234
 2.21043e-05
-5.97855e-05
 0.000217193
 0.000398193
-0.000425875
   0.0021239
0.000968343
1.47362e-05
0.000516955
0.000701607
2.81029e-05
 0.00042816
 0.00117857
-4.05198e-06
 9.82413e-06
 0.000344637
-8.90736e-05
-0.000218624
  4.8081e-05
-0.000197629
 0.000646913
-0.000643065
 0.000229758
  0.00049743
 9.16098e-05
  3.2054e-05
 -0.00135246
-0.000218339
 -0.00042871
 0.000153172
-0.000782004
 0.000298432
 2.13693e-05
 -0.00185107
 0.000504055
 0.000363807
-0.000454697
 3.54758e-05
 0.000198955
 0.000251605
-0.000521972
  -0.0014272
-0.000407076
-0.000303132
 0.000580462
-0.000342081
-6.96222e-05
 -0.00058534
  0.00081177
  0.00037823
-0.000202088
-0.000169837
 0.000246664
-0.000283774
  0.00106784
-0.000665246
 0.000252153
-0.000134725
-0.000670037
-0.000310275
-0.000189182
 0.000949249
 0.000113315
-0.000481512
  0.00111661
-0.000446691
 3.05086e-05
 0.000111237
 0.000632833
0.000725157
0.000885418
-0.00046202
 0.00137264
2.03391e-05
7.41582e-05
0.000659247
-0.000722988
 3.34668e-05
-0.000308013
-0.000198529
 1.35594e-05
 0.000286798
-0.000509937
 7.48201e-05
 0.000579123
-0.000205342
 0.000424459
  9.0396e-06
 0.000191198
-0.000848585
 -0.00171336
 -0.00017073
-0.000693707
-0.000273839
-0.000434783
-0.000347252
  -0.0012778
 6.41874e-05
 -0.00011382
 0.000651153
 -0.00018256
 0.000388313
 5.85746e-06
-0.000377149
  0.00124922
-7.58799e-05
  0.00108372
 0.000435106
 2.15164e-05
 3.90497e-06
 0.000257194
-0.000373614
 0.000506225
 7.28632e-05
 0.000846882
-0.000223015
-0.000234756
  0.00135826
-0.000805888
-0.000868942
 4.85755e-05
-0.000549036
 0.000326041
 8.08552e-05
  0.00117677
 1.95532e-05
  7.0319e-05
 3.23837e-05
-0.000366024
 0.000217361
 0.000291262
  0.00102187
  0.00121946
 -0.00115955
 2.15891e-05
-0.000244016
-0.000533261
-0.000280543
 -0.00101417
  0.00016336
-0.000216219
-0.000542419
 0.000950947
 8.53021e-05
 0.000287689
 -0.00240544
 0.000108907
  0.00106228
 0.000844813
 7.71525e-05
  5.6868e-05
-4.55661e-05
   -0.001095
 0.000722219
 0.000708187
-0.000643217
  5.1435e-05
-0.000199447
-3.03774e-05
 0.000490701
-0.000168135
-8.46876e-05
 0.000128001
-0.000522522
 0.000341753
-0.000257611
  0.00127657
  0.00109434
 -0.00126288
 8.53337e-05
 0.000208464
-9.52343e-06
 6.56186e-05
  0.00159703
-0.000476869
 0.000364503
 -0.00105673
 0.000138976
  0.00023101
-0.000430972
 0.000318703
 0.000331702
 0.000243002
-0.000147678
 -0.00102097
-0.000320711
 0.000424762
-2.48905e-05
 -0.00042848
-0.000487613
  0.00045836
 0.000432975
  0.00026091
 4.58158e-05
-0.000999938
-0.000842465
 0.000324539
-0.000251239
-0.000268162
-6.34187e-05
 3.05438e-05
-0.000666625
-4.83139e-06
-0.000433255
-0.000167492
  -0.0013852
  0.00019508
 2.03626e-05
 6.42095e-05
 0.000646393
 0.000360777
-0.000111662
-0.000923467
-0.000344665
-0.000223784
 -0.00046582
-0.000218685
 0.000240518
 0.000482371
 0.000590781
-0.000229776
-0.000149189
 0.000672798
 -0.00014579
 0.000160346
 0.000321581
-0.000812572
-0.000153184
 0.000137899
 0.000685891
  0.00110923
 0.000106897
 0.000214387
 0.000664711
-0.000102123
  9.1933e-05
  0.00045726
-0.000466938
 -0.00113516
 0.000792539
 0.000443141
 0.000406636
-0.000413429
 0.000813467
 0.000338322
 0.000449652
-0.000121255
-0.000910999
 0.000271091
 0.000199098
-0.000915751
-0.000424066
 0.000299768
-0.000637649
  0.00115591
-5.66318e-05
-0.000104627
 -0.00135649
-0.000839522
 0.000199845
 0.000781327
 0.000213792
-0.000478564
 0.000167608
-0.000904324
-2.86971e-06
-0.000516384
-0.000685541
 0.000142528
-0.000115592
 0.000111739
-0.000602883
-1.91314e-06
-0.000901068
-0.000457028
 9.50185e-05
 0.000160298
 7.44924e-05
   0.0012935
-0.000558087
-4.38999e-05
 0.000252127
 6.33457e-05
 0.000106865
 4.96616e-05
  0.00160832
 0.000834368
  0.00117716
-0.000388727
 4.22305e-05
 7.12433e-05
-0.000204251
  0.00130957
 0.000556245
 0.000784773
-0.000259152
 2.81536e-05
-0.000189863
  0.00033855
-0.000347656
-0.000278784
 -0.00179687
  0.00103366
 1.87691e-05
-0.000330026
-0.000249018
 -0.00145247
  0.00102057
 0.000565326
 -0.00051732
-0.000544299
 0.000458151
 7.13472e-05
 -0.00218902
 0.000123568
 -0.00027273
 0.000861546
-0.000362866
 6.80751e-05
 4.75648e-05
-1.28386e-06
-0.000567235
-0.000738632
  0.00113118
-0.000241911
 0.000282742
 3.17099e-05
 -8.5591e-07
-0.000378157
 6.43907e-05
-0.000452309
  0.00095235
-4.88641e-05
 0.000258499
  0.00145749
-0.000252105
 4.29271e-05
 0.000348075
 -0.00112834
-0.000269935
-0.000302385
 0.000971661
 -0.00016807
 2.86181e-05
-0.000417564
 0.000454201
-0.000620766
 -0.00020159
-6.43028e-05
-0.000112046
 1.90787e-05
-0.000278376
   0.0003028
 0.000264324
 0.000577683
 0.000940476
 -0.00063151
  0.00121915
  0.00046403
 0.000758679
 0.000176216
-8.95956e-05
-0.000831078
-0.000421006
 0.000255951
-0.000340261
 -5.1026e-05
 0.000117477
-0.000297089
-0.000554052
 0.000276141
 -0.00103579
-0.000783652
-3.40173e-05
 7.83183e-05
 3.92994e-05
 -0.00111535
 0.000184094
 0.000515898
-0.000522435
 0.000534134
-0.000185147
 2.61996e-05
 -0.00050621
  0.00132916
-0.000862494
  0.00141495
 -0.00140715
 0.000351287
 0.000254825
 0.000645871
 0.000329292
-1.81839e-05
-0.000819939
 0.000268327
 0.000234191
-0.000542193
  0.00141392
-0.000430086
 0.000637491
 1.01858e-05
 0.000178885
-8.12315e-05
 0.000350615
  0.00117998
-0.000286724
 0.000981806
 6.79052e-06
  0.00123288
-0.000291513
 0.000233743
 0.000549291
-0.000747961
 9.77255e-05
  -0.0011091
-0.000291704
-0.000194342
-8.15302e-05
 -0.00160049
 0.000707785
 6.51503e-05
 0.000374226
-0.000751281
 0.000345156
-0.000291712
 -0.00154171
-0.000177757
 4.34336e-05
 0.000249484
 5.59579e-05
-7.25466e-06
-0.000194475
 -0.00126517
-0.000118505
 2.89557e-05
 0.000166323
-0.000519507
-0.000445646
 0.000107709
 0.000851976
-7.90032e-05
 -0.00063031
 0.000760496
 0.000210474
 0.000381071
-0.000165553
  0.00178869
-5.26688e-05
 0.000229407
-0.000142617
  0.00125394
 1.66885e-05
  0.00012699
 0.000955099
-3.51126e-05
 0.000152938
-9.50779e-05
-0.000277664
-0.000226233
-0.000152699
 0.000636733
 0.000626206
 0.000101959
 0.000586229
-0.000185109
 8.65368e-05
 0.000372919
 -0.00103357
  0.00041747
 6.79725e-05
-0.000258795
-0.000123406
  0.00029505
-0.000226105
 -0.00119768
  -0.0003713
  4.5315e-05
 0.000477084
-8.22708e-05
   0.0001967
-0.000150737
 -0.00079845
-0.000247534
   3.021e-05
 -0.00144518
-5.48472e-05
 0.000131133
 0.000136868
-0.000294941
0.000484592
  2.014e-05
0.000150169
0.000520247
8.74223e-05
9.12451e-05
7.46399e-05
-0.000326553
   -0.001193
-0.000456699
 0.000903643
-0.000416436
-0.000176529
 0.000761837
-0.000774514
 0.000967905
 0.000252346
 -0.00106801
 0.000197094
 0.000119673
 0.000270532
 4.04694e-05
  0.00064527
 0.000168231
-0.000712005
-0.000343322
  7.9782e-05
 0.000892432
 2.69796e-05
-0.000776246
 0.000761768
 -0.00112428
-0.000432332
-0.000184171
 0.000866222
 1.79864e-05
 -0.00107431
-0.000141769
  0.00101372
 0.000152588
 0.000114578
-0.000880581
 1.19909e-05
  0.00049022
-0.000651324
 0.000118998
 0.000101725
-0.000160973
  -0.0015704
 7.99395e-06
 0.000326813
-0.000434216
 7.93322e-05
  6.7817e-05
 0.000130043
 -0.00104693
  0.00121176
 0.000774687
-0.000289478
 5.28881e-05
  0.00028257
 0.000324055
 0.000285389
-0.000955401
 -0.00124678
-0.000192985
 3.52588e-05
-4.89788e-05
-0.000258682
  0.00137705
-8.01221e-05
 0.000932051
  0.00107777
-0.000533306
-0.000270011
 6.49046e-05
  0.00142666
 0.000596199
  0.00117818
 6.88989e-05
 0.000201275
-0.000383458
 0.000280629
 0.000951108
 0.000397466
 0.000228641
-0.000510879
-0.000422629
 0.000185171
-0.000287632
-0.000586631
-0.000384637
-0.000404385
  0.00086584
-0.000281753
 0.000123447
-0.000429114
 -0.00232387
  0.00039319
-0.000919204
-0.000629199
-0.000187835
 8.22981e-05
 0.000188642
 -0.00107453
-0.000387488
 3.68115e-05
  0.00078696
 0.000431589
-0.000182494
  0.00036312
-0.000716351
 0.000391289
  2.4541e-05
-0.000124974
 0.000287726
-0.000121662
 4.72128e-06
 0.000980495
-0.000388755
 1.63607e-05
-8.33161e-05
 0.000748629
-8.11082e-05
 3.14752e-06
  0.00112838
-0.000815982
 0.000567719
  0.00059407
-0.000614538
 0.000420646
 2.09835e-06
  0.00126088
-0.000543988
 0.000935291
-0.000253567
-0.000409692
 4.30715e-05
 -0.00023596
 0.000331961
 0.000843767
-0.000490096
-0.000169045
-0.000273128
 2.87144e-05
-0.000157307
-1.60519e-05
 0.000562512
-0.000326731
 -0.00122632
 0.000931539
 0.000256502
-0.000104871
-0.000994045
-0.000831418
-0.000867435
 0.000945691
 6.42138e-05
-6.63577e-05
-0.000307273
-0.000662697
 0.000652147
 -0.00057829
-0.000575965
 4.28092e-05
  0.00019312
 0.000507228
-0.000916516
-0.000214849
 0.000264087
 0.000172835
  0.00114216
-0.000108612
 0.000338152
-0.000373652
-0.000700045
-0.000473556
 0.000115223
-0.000352182
 0.000164951
-0.000249283
 0.000734243
 9.01154e-05
 0.000890722
 7.68156e-05
 0.000322024
-0.000127392
 7.11702e-05
   0.0017102
 0.000709691
 0.000593815
-0.000505602
-0.000342129
-0.000322287
 4.74468e-05
  0.00137749
-0.000176487
-0.000160935
 0.000869358
-0.000228086
-0.000418308
-0.000205728
 0.000680969
-0.000117658
 -0.00010729
-7.00418e-05
-0.000152057
 0.000399296
 0.000337566
 -0.00175007
 -0.00063525
-0.000721141
-4.66945e-05
  0.00045544
 2.88385e-05
-1.23149e-05
 -0.00238742
 0.000782926
 0.000725665
-0.000587942
 0.000303627
 0.000256585
-0.000482928
-0.000845625
  0.00052195
-0.000722649
 0.000164851
  0.00140884
-6.63025e-05
-0.000321952
 0.000656953
-0.000301647
 0.000167848
 0.000109901
-0.000824009
-4.42017e-05
 0.000260083
  0.00165867
  0.00100533
-0.000537715
  7.3267e-05
-0.000549339
-2.94678e-05
 0.000173389
  0.00134314
 0.000113407
-0.000358477
-0.000507967
-0.000366226
-0.000257004
-0.000121766
 0.000658068
 7.56044e-05
 0.000967441
-0.000338645
-0.000244151
 6.60229e-05
-8.11776e-05
 -0.00101935
 0.000607215
 8.81489e-05
 0.000331049
 0.000394045
-0.000193344
 0.000183241
-0.000950834
-0.000801616
 5.87659e-05
 -0.00154254
-0.000294115
 0.000108463
-0.000115199
 -0.00110861
 0.000115203
 3.91773e-05
 0.000734879
 0.000360735
-0.000368501
 0.000397919
-0.000501713
 -0.00168644
-0.000623496
  0.00113953
-0.000316322
 0.000432501
 0.000265279
 0.000648869
-1.06665e-05
  0.00023395
 0.000110075
 0.000345931
 5.09752e-05
-0.000297865
  0.00114466
-0.000563923
 0.000155967
-0.000483429
  0.00023062
 0.000271342
-0.000198577
 0.000288386
 0.000180863
  0.00066079
  0.00088414
 0.000153747
-0.000293823
 0.000104974
 0.000429616
 0.000120576
-0.000116285
  0.00114624
-0.000454314
-0.000195882
  6.9983e-05
-0.000663025
-0.000476428
 0.000479288
-0.000442267
 0.000253936
 0.000106771
 0.000284014
-0.000950643
 0.000888807
 -0.00144371
-0.000294845
-0.000387521
 7.11806e-05
-0.000522734
 0.000112223
-5.70759e-05
-0.000405663
-0.000196563
-0.000258348
 4.74538e-05
-0.000348489
-0.000908529
-3.80506e-05
 0.000935984
 -0.00124467
-0.000729044
 3.16358e-05
 5.03273e-06
 0.000615017
0.000624247
6.71774e-05
0.000283847
7.07829e-05
2.10906e-05
3.35515e-06
0.000884729
-0.000233449
-0.000604829
-0.000367581
-0.000509623
-0.000223299
 0.000476955
 0.000352461
  0.00105079
-0.000403219
-0.000245054
 0.000773875
 8.84932e-05
 8.06108e-05
 0.000980959
 -0.00106271
 0.000380801
-0.000163369
-0.000597707
 5.89955e-05
 0.000291099
 -0.00056673
-0.000708473
-0.000395747
-0.000108913
 0.000715152
 0.000276689
 0.000194066
 -0.00234451
 8.44968e-05
-0.000820643
 0.000484203
-0.000636856
-5.28994e-05
-0.000107981
-0.000817021
 -0.00105729
 9.71661e-06
 0.000322802
 -0.00042457
 0.000202093
 0.000165371
-0.000307321
 -0.00014805
 0.000656092
 0.000864815
-0.000283047
-0.000339989
 0.000110248
  0.00125318
  0.00110773
 0.000437394
-0.000629882
 0.000924926
 -0.00022666
 7.34984e-05
  0.00205616
  8.887e-05
0.000291596
 0.00013689
0.000616617
8.62525e-05
-0.00018836
0.000624786
 5.92467e-05
-0.000455216
 9.12603e-05
 0.000411078
 5.75017e-05
-0.000125573
-5.81937e-05
 3.94978e-05
 0.000346136
-0.000495972
 -0.00028276
 3.83345e-05
 0.000153643
-0.000750873
 2.63319e-05
-0.000418856
 0.000226164
-0.000188507
-0.000211803
-0.000372289
 -0.00148393
-0.000539257
-0.000279238
 0.000150776
 0.000987953
-0.000141202
-0.000248193
 0.000468778
-0.000359505
 0.000463456
-0.000456295
-0.000454989
-9.41345e-05
 0.000309256
-0.000670825
 0.000317142
  0.00030897
-0.000861008
-0.000303326
 0.000615412
-3.11882e-05
  0.00101085
 0.000861042
-0.000443634
  0.00118923
-0.000759029
-3.05348e-05
-0.000258151
 0.000436538
-7.5586e-05
0.000353858
0.000792822
0.000607604
0.000217002
-0.00040946
0.000528384
 0.000599223
-0.000413709
 0.000528548
  0.00040507
 -0.00033005
-3.56142e-05
  0.00109824
-0.000806944
-0.000275806
-0.000297249
 0.000270046
-0.000220033
 0.000213616
 0.000494802
-0.000537962
 0.000465743
-0.000198166
 0.000180031
-0.000146689
 0.000142411
 -0.00211154
  0.00019817
 0.000310496
 0.000517503
-0.000993603
-9.77925e-05
-0.000142418
 -0.00140769
-0.000424698
-0.000442617
 0.000345002
 0.000451222
 -6.5195e-05
 0.000142413
 -0.00141318
  0.00027368
 0.000911348
-0.000976424
-0.000812809
-4.34633e-05
-0.000142417
 0.000753301
 0.000832067
 5.07534e-05
 -0.00065095
  1.4939e-05
-2.89755e-05
 0.000379773
  0.00196026
-9.49026e-05
-0.000615778
  0.00132927
 0.000566771
 -1.9317e-05
 0.000490541
   0.0015442
  0.00114316
-0.000410519
 0.000329369
 0.000377848
  0.00046184
 8.96685e-05
 0.000554749
 0.000762105
 0.000375935
 0.000219579
-0.000861726
 0.000307893
 -0.00017758
-0.000613511
-4.87419e-05
 0.000250623
 0.000146386
-1.76718e-05
-0.000269456
-0.000593104
 -0.00115499
-0.000682109
 0.000723894
 -0.00110884
-1.17812e-05
 0.000295081
-0.000158044
-0.000769995
 0.000194875
 -0.00128064
  0.00102401
 -0.00121428
-4.06385e-05
-0.000105363
 -0.00122541
 -0.00107651
  0.00146629
 -0.00052375
 0.000396906
-0.000264451
-7.02418e-05
 -0.00034222
 0.000488753
-0.000785712
-0.000905978
 0.000821416
-0.000379751
 0.000190531
 0.000755197
 0.000325835
 0.000682618
-4.71736e-05
  0.00110442
 -4.9717e-05
 0.000127021
  0.00121554
 0.000217224
-0.000751347
 0.000618165
  0.00017947
 0.000204214
 8.46805e-05
 0.000573002
-0.000504798
-0.000500898
  0.00041211
 -0.00164359
-0.000101216
 5.64537e-05
  0.00112799
-0.000336532
 0.000872494
-0.000374874
 0.000110698
-6.74774e-05
-0.000437082
 6.00592e-06
-0.000224355
 -0.00173839
 0.000399698
 7.37989e-05
-4.49849e-05
-5.40291e-05
 -0.00169142
 0.000500044
 0.000604313
-0.000383149
-0.000507613
  -2.999e-05
  0.00020134
 -0.00160233
-0.000873063
 0.000402875
-0.000255432
 0.000775215
-1.99933e-05
-0.000103133
 -0.00106822
 0.000624384
 0.000268584
  -0.0007271
  0.00051681
  0.00022403
-6.87551e-05
  0.00122063
-0.000233358
 0.000179056
 7.20785e-05
-0.000212272
 0.000149353
 0.000191522
   0.0017971
0.000494042
 0.00011937
-0.00106557
0.000972109
9.95689e-05
 0.00036504
 0.00119807
-0.000877065
-0.000570034
 0.000403243
  9.1261e-05
 -0.00017098
-0.000231358
 0.000290085
 0.000621716
 0.000826403
-0.000844795
 6.08407e-05
-0.000113986
-0.000154238
 -0.00197675
-0.000235137
 0.000550936
  0.00120004
-0.000516252
 -7.5991e-05
 0.000134533
 -0.00131783
 -0.00127038
 -0.00139595
  0.00135684
-0.000344168
-5.06606e-05
 8.96889e-05
-0.000403837
 0.000916317
 0.000275794
-0.000301866
-0.000229445
 0.000203585
 5.97926e-05
 0.000239401
 0.000610878
 0.000183863
  0.00044837
 -0.00135939
-0.000101635
-0.000197497
  0.00110904
-0.000242362
 -0.00108385
 0.000298913
 0.000300166
 -6.7757e-05
-0.000131665
  0.00124798
-0.000161575
  0.00159748
-0.000450339
  0.00196335
 0.000192188
 0.000149582
 8.60042e-05
-0.000664528
-4.86354e-05
-0.000300226
 0.000102473
 0.000128125
 0.000337081
-0.000417382
 0.000113793
-3.24236e-05
 -0.00020015
-0.000488496
-0.000151942
-1.26386e-05
  -0.0012616
 0.000725476
-2.16158e-05
-0.000690246
-0.000882476
 0.000136064
-0.000245785
 0.000142278
-0.000722775
 0.000542401
-0.000460164
-3.15055e-05
 0.000328068
  0.00054822
-0.000651133
 -0.00048185
-0.000195211
  0.00089965
  0.00109262
-0.000256006
-0.000109238
 0.000311897
 0.000235579
 -0.00189338
 -0.00181309
 -0.00038521
 6.66885e-05
-0.000310184
 0.000682649
-0.000956572
-0.000148628
-2.29749e-06
-0.000256807
  4.4459e-05
-0.000206789
 0.000929817
  0.00112552
 0.000550528
-1.53166e-06
-0.000728017
 2.96393e-05
 -0.00013786
 0.000619878
 0.000100735
-0.000282595
 0.000555791
 7.14676e-05
 -0.00042105
 0.000145453
-6.14658e-05
0.000716771
 0.00101803
0.000370527
 4.7645e-05
0.000397468
9.69684e-05
-0.00102432
 0.000477847
 0.000121874
-0.000309794
 3.17634e-05
 0.000264979
-0.000172713
 -0.00139496
 0.000318565
 8.12494e-05
 0.000350283
 2.11756e-05
-6.07063e-05
-0.000352501
 -0.00167596
-0.000994049
 5.41663e-05
 -0.00032329
-0.000542695
 -0.00027783
 2.35815e-06
 0.000849384
  -0.0006627
 3.61109e-05
-0.000215527
 0.000195015
 5.21391e-05
 0.000238931
  0.00151569
0.000764626
2.40739e-05
0.000413127
 0.00013001
3.47594e-05
0.000159287
 0.00199381
-0.000696675
 1.60493e-05
-0.000281394
-0.000470138
-0.000417637
-0.000131167
   0.0001085
 9.23619e-05
  0.00112432
-0.000187596
 0.000243386
-0.000278424
 0.000149914
-0.000165025
 0.000711189
 -0.00101369
-0.000125064
-0.000394554
 0.000696003
-0.000137416
  -0.0020428
-0.000175488
 0.000530633
-0.000640188
 0.000293776
 0.000260551
 0.000620466
-0.000887147
-0.000116992
 0.000353756
 0.000686832
  0.00019585
-0.000301017
-6.10739e-05
-0.000591431
-7.79948e-05
 0.000235837
 0.000457888
 0.000130567
 3.66809e-05
-4.07159e-05
 0.000351698
-0.000608808
  -0.0010492
 0.000954873
 8.70446e-05
-0.000212905
 -2.7144e-05
  0.00192989
  0.00015094
 0.000506958
  0.00119339
 5.80298e-05
 9.54223e-05
-0.000255455
  0.00104923
 0.00130705
0.000337972
-0.00041083
3.86865e-05
0.000504424
6.70557e-05
0.000428221
-0.000335058
-0.000981111
-0.000273887
  2.5791e-05
-0.000341886
 0.000282063
-0.000189238
-0.000780184
-0.000654074
-0.000182591
  1.7194e-05
-0.000227924
-4.93171e-05
 -0.00134686
 0.000686303
 0.000213565
 0.000527887
 1.14627e-05
  -0.0003554
-3.28781e-05
 0.000322795
 -0.00074889
 0.000142376
-0.000854502
 -0.00054917
 0.000203876
-2.19187e-05
 -0.00100551
 5.75518e-05
  0.00065173
-0.000569668
-0.000366113
-0.000304892
 0.000222746
-0.000432978
-0.000518444
-0.000122326
  0.00138346
  0.00142636
 0.000237548
-8.88613e-05
 0.000932051
 0.000860796
-8.15504e-05
 -0.00028412
-0.000719529
 0.000599175
-5.92409e-05
 0.000858726
-0.000632562
-0.000703981
-0.000189413
  0.00119075
  0.00039945
-0.000276853
 0.000843751
 0.000784718
 0.000180293
-0.000126275
 -0.00208303
 6.28494e-05
-0.000184569
-0.000658202
