 1.84314e-17
    -31.4682
   -0.264911
     22.2345
    0.681426
     2.22836
-0.000172952
 2.72135e-17
    -31.4684
   -0.264934
     22.2345
    0.681425
     2.22836
-0.000172987
 3.83808e-17
    -31.4684
   -0.264936
     22.2345
    0.681425
     2.22835
-0.000173004
 3.81639e-17
    -31.4684
   -0.264932
     22.2345
    0.681424
     2.22835
-0.000173016
 2.54788e-17
    -31.4682
   -0.264918
     22.2345
    0.681428
     2.22837
-0.000172922
  4.8247e-17
    -31.4683
   -0.264947
     22.2345
    0.681424
     2.22835
-0.000173014
 2.67798e-17
    -31.4684
   -0.264934
     22.2345
    0.681424
     2.22836
-0.000172996
 2.68882e-17
    -31.4683
   -0.264932
     22.2345
    0.681425
     2.22836
-0.000172996
-3.23092e-17
    -31.4683
   -0.264941
     22.2345
    0.681425
     2.22836
-0.000172988
 2.85145e-17
    -31.4683
   -0.264921
     22.2345
    0.681424
     2.22835
-0.000173004
 4.53197e-17
    -31.4683
   -0.264918
     22.2345
    0.681426
     2.22837
-0.000172955
  3.1225e-17
    -31.4683
   -0.264925
     22.2345
    0.681426
     2.22836
-0.000172964
 1.14925e-17
    -31.4683
   -0.264921
     22.2345
    0.681425
     2.22836
-0.000172982
-5.76796e-17
    -31.4683
   -0.264933
     22.2345
    0.681424
     2.22836
-0.000172996
 6.13658e-17
    -31.4683
   -0.264926
     22.2345
    0.681425
     2.22836
-0.000172985
 9.21572e-18
    -31.4684
   -0.264934
     22.2345
    0.681425
     2.22835
-0.000173002
-2.34188e-17
    -31.4683
   -0.264929
     22.2345
    0.681425
     2.22836
-0.000172987
-1.79978e-17
    -31.4683
   -0.264925
     22.2345
    0.681426
     2.22837
-0.000172954
 1.94072e-17
    -31.4683
   -0.264921
     22.2345
    0.681426
     2.22836
-0.000172964
 2.07083e-17
    -31.4682
   -0.264918
     22.2345
    0.681426
     2.22836
-0.000172976
 5.85469e-18
    -31.4684
   -0.264937
     22.2345
    0.681425
     2.22836
-0.000172988
 2.48282e-17
    -31.4684
   -0.264942
     22.2345
    0.681424
     2.22835
-0.000173027
  1.0842e-18
    -31.4684
   -0.264949
     22.2345
    0.681423
     2.22835
-0.000173039
 1.31188e-17
    -31.4684
   -0.264946
     22.2345
    0.681424
     2.22835
-0.000173025
 5.08491e-17
    -31.4684
   -0.264942
     22.2345
    0.681424
     2.22836
-0.000173004
 3.17671e-17
    -31.4683
   -0.264922
     22.2345
    0.681426
     2.22836
-0.000172958
-3.57787e-18
    -31.4684
   -0.264935
     22.2345
    0.681424
     2.22835
-0.000173015
 2.41777e-17
    -31.4683
   -0.264929
     22.2345
    0.681425
     2.22836
-0.000172981
 9.97466e-18
    -31.4683
   -0.264934
     22.2345
    0.681425
     2.22836
-0.000172994
 1.76725e-17
    -31.4685
   -0.264947
     22.2345
    0.681424
     2.22836
-0.000173002
-3.06829e-17
    -31.4685
   -0.264952
     22.2345
    0.681423
     2.22835
-0.000173018
 -5.0307e-17
    -31.4685
   -0.264957
     22.2345
    0.681423
     2.22835
-0.000173034
-1.79978e-17
    -31.4683
   -0.264918
     22.2345
    0.681426
     2.22836
-0.000172962
 2.71051e-18
    -31.4684
   -0.264936
     22.2345
    0.681425
     2.22836
-0.000172992
 1.18178e-17
    -31.4683
   -0.264929
     22.2345
    0.681426
     2.22836
-0.000172948
-2.85145e-17
    -31.4682
   -0.264914
     22.2345
    0.681425
     2.22836
-0.000172977
 9.86624e-18
    -31.4683
   -0.264936
     22.2345
    0.681424
     2.22835
-0.000173013
 1.86483e-17
    -31.4683
   -0.264927
     22.2345
    0.681425
     2.22836
-0.000172989
 9.32414e-18
    -31.4684
   -0.264934
     22.2345
    0.681424
     2.22836
-0.000173003
-5.96311e-18
    -31.4684
   -0.264936
     22.2345
    0.681423
     2.22835
-0.000173017
 1.50704e-17
    -31.4683
   -0.264921
     22.2345
    0.681426
     2.22836
-0.000172954
 2.12504e-17
    -31.4683
   -0.264927
     22.2345
    0.681424
     2.22836
-0.000172996
 8.45678e-18
    -31.4684
   -0.264945
     22.2345
    0.681424
     2.22835
-0.000173011
-1.73472e-18
    -31.4683
   -0.264934
     22.2345
    0.681425
     2.22836
-0.000172996
 4.13081e-17
    -31.4683
    -0.26493
     22.2345
    0.681425
     2.22836
-0.000172976
 3.68629e-18
    -31.4684
   -0.264943
     22.2345
    0.681423
     2.22835
-0.000173036
-4.86807e-17
    -31.4683
   -0.264939
     22.2345
    0.681425
     2.22836
-0.000172968
-8.99888e-18
    -31.4684
   -0.264934
     22.2345
    0.681423
     2.22835
 -0.00017302
 1.99493e-17
    -31.4684
   -0.264941
     22.2345
    0.681426
     2.22836
-0.000172975
 1.06252e-17
    -31.4683
   -0.264924
     22.2345
    0.681425
     2.22836
-0.000172989
 2.73219e-17
    -31.4684
   -0.264934
     22.2345
    0.681425
     2.22836
-0.000172979
 2.74303e-17
    -31.4684
   -0.264918
     22.2345
    0.681426
     2.22836
-0.000172955
-8.5652e-18
   -31.4683
  -0.264932
    22.2345
   0.681424
    2.22835
-0.00017301
 6.02816e-17
    -31.4683
   -0.264936
     22.2345
    0.681424
     2.22835
-0.000173015
 -1.0842e-19
    -31.4683
   -0.264926
     22.2345
    0.681425
     2.22836
-0.000172983
 1.04083e-17
    -31.4683
   -0.264928
     22.2345
    0.681425
     2.22836
-0.000172972
 7.04731e-18
    -31.4683
   -0.264925
     22.2345
    0.681425
     2.22836
-0.000172986
-1.39862e-17
    -31.4683
   -0.264927
     22.2345
    0.681424
     2.22836
-0.000172997
 2.71051e-18
    -31.4683
    -0.26493
     22.2345
    0.681425
     2.22836
-0.000172975
-1.01915e-17
    -31.4684
   -0.264943
     22.2345
    0.681423
     2.22835
-0.000173025
-1.23599e-17
    -31.4684
   -0.264941
     22.2345
    0.681424
     2.22835
-0.000173018
-1.89735e-17
    -31.4684
   -0.264936
     22.2345
    0.681424
     2.22836
-0.000173004
 -4.0766e-17
    -31.4683
   -0.264925
     22.2345
    0.681425
     2.22836
-0.000172976
 1.39862e-17
    -31.4683
   -0.264927
     22.2345
    0.681426
     2.22836
-0.000172974
-1.69136e-17
    -31.4682
   -0.264909
     22.2345
    0.681427
     2.22837
-0.000172939
-4.55365e-18
    -31.4684
   -0.264941
     22.2345
    0.681425
     2.22836
-0.000172994
 4.98733e-18
    -31.4683
   -0.264936
     22.2345
    0.681425
     2.22836
-0.000172981
  1.0842e-19
    -31.4683
   -0.264928
     22.2345
    0.681425
     2.22836
-0.000172981
-1.0842e-18
   -31.4684
  -0.264935
    22.2345
   0.681424
    2.22835
-0.00017301
-6.94974e-17
    -31.4683
   -0.264946
     22.2345
    0.681424
     2.22836
-0.000172985
 3.49113e-17
    -31.4683
   -0.264929
     22.2345
    0.681425
     2.22835
-0.000173008
-7.58942e-18
    -31.4683
   -0.264932
     22.2345
    0.681426
     2.22836
-0.000172961
-2.15756e-17
    -31.4683
   -0.264918
     22.2345
    0.681427
     2.22836
-0.000172941
3.25261e-19
   -31.4683
  -0.264933
    22.2345
   0.681424
    2.22835
-0.00017302
 2.84061e-17
    -31.4684
   -0.264946
     22.2345
    0.681424
     2.22836
-0.000173008
 3.16587e-17
    -31.4683
   -0.264932
     22.2345
    0.681425
     2.22836
-0.000172995
 2.12504e-17
    -31.4684
   -0.264937
     22.2345
    0.681424
     2.22836
-0.000173002
3.61039e-17
   -31.4683
  -0.264929
    22.2345
   0.681425
    2.22836
-0.00017298
 6.39679e-18
    -31.4684
   -0.264944
     22.2345
    0.681423
     2.22836
-0.000173011
-2.21177e-17
    -31.4683
   -0.264917
     22.2345
    0.681426
     2.22836
-0.000172961
-6.07153e-18
    -31.4683
   -0.264936
     22.2345
    0.681424
     2.22836
   -0.000173
 1.20346e-17
    -31.4684
   -0.264944
     22.2345
    0.681424
     2.22836
-0.000173004
 3.43692e-17
    -31.4683
   -0.264925
     22.2345
    0.681425
     2.22836
-0.000172973
-4.75965e-17
    -31.4683
   -0.264923
     22.2345
    0.681425
     2.22836
-0.000172983
 3.46945e-17
    -31.4684
   -0.264934
     22.2345
    0.681425
     2.22836
-0.000172997
 2.38524e-18
    -31.4683
   -0.264922
     22.2345
    0.681426
     2.22836
-0.000172969
 1.81062e-17
    -31.4683
   -0.264935
     22.2345
    0.681425
     2.22836
-0.000172995
 6.93889e-18
    -31.4683
   -0.264915
     22.2345
    0.681426
     2.22836
-0.000172966
-1.23599e-17
    -31.4683
   -0.264923
     22.2345
    0.681425
     2.22836
-0.000172978
 7.26415e-18
    -31.4683
   -0.264916
     22.2345
    0.681427
     2.22837
-0.000172925
-2.79724e-17
    -31.4683
   -0.264928
     22.2345
    0.681426
     2.22836
-0.000172966
-6.17995e-18
    -31.4683
   -0.264926
     22.2345
    0.681425
     2.22836
-0.000172988
 1.21431e-17
    -31.4683
    -0.26493
     22.2345
    0.681425
     2.22836
-0.000172986
 8.78204e-18
    -31.4683
   -0.264915
     22.2345
    0.681426
     2.22836
-0.000172944
-3.78387e-17
    -31.4683
   -0.264914
     22.2345
    0.681426
     2.22836
-0.000172964
 9.86624e-18
    -31.4683
   -0.264932
     22.2345
    0.681425
     2.22836
-0.000172999
 1.23599e-17
    -31.4683
   -0.264931
     22.2345
    0.681426
     2.22836
-0.000172964
 3.28513e-17
    -31.4684
   -0.264937
     22.2345
    0.681424
     2.22835
-0.000173015
-1.84314e-18
    -31.4683
    -0.26494
     22.2345
    0.681425
     2.22836
-0.000172994
 4.15249e-17
    -31.4683
   -0.264933
     22.2345
    0.681425
     2.22836
-0.000172984
  8.5652e-18
    -31.4683
   -0.264927
     22.2345
    0.681426
     2.22836
-0.000172964
-5.62701e-17
    -31.4682
   -0.264909
     22.2345
    0.681427
     2.22837
-0.000172921
 2.9924e-17
   -31.4683
  -0.264929
    22.2345
   0.681426
    2.22836
-0.00017297
-1.40946e-17
    -31.4683
   -0.264914
     22.2345
    0.681426
     2.22836
-0.000172965
 1.59378e-17
    -31.4682
   -0.264924
     22.2345
    0.681427
     2.22837
-0.000172942
 4.77049e-18
    -31.4684
   -0.264933
     22.2345
    0.681424
     2.22836
-0.000173001
 4.92228e-17
    -31.4683
   -0.264921
     22.2345
    0.681425
     2.22836
-0.000172999
 1.04083e-17
    -31.4683
   -0.264924
     22.2345
    0.681426
     2.22837
-0.000172942
 2.05998e-18
    -31.4683
   -0.264914
     22.2345
    0.681426
     2.22836
-0.000172958
 1.11673e-17
    -31.4684
    -0.26494
     22.2345
    0.681424
     2.22836
-0.000173001
-5.20417e-18
    -31.4683
   -0.264938
     22.2345
    0.681424
     2.22835
-0.000173015
 3.93565e-17
    -31.4683
    -0.26492
     22.2345
    0.681425
     2.22836
-0.000172982
-8.67362e-18
    -31.4683
   -0.264925
     22.2345
    0.681426
     2.22836
-0.000172969
-3.36103e-18
    -31.4683
   -0.264921
     22.2345
    0.681425
     2.22836
-0.000172971
 2.08167e-17
    -31.4683
   -0.264934
     22.2345
    0.681424
     2.22835
-0.000173014
-2.85145e-17
    -31.4683
    -0.26494
     22.2345
    0.681424
     2.22835
-0.000173008
-4.25007e-17
    -31.4684
    -0.26495
     22.2345
    0.681424
     2.22835
-0.000173023
 1.52873e-17
    -31.4684
   -0.264943
     22.2345
    0.681423
     2.22835
-0.000173043
 9.75782e-18
    -31.4682
   -0.264922
     22.2345
    0.681426
     2.22836
-0.000172954
-2.15756e-17
    -31.4684
   -0.264938
     22.2345
    0.681423
     2.22835
 -0.00017303
 1.79978e-17
    -31.4684
   -0.264946
     22.2345
    0.681423
     2.22835
-0.000173031
-1.8323e-17
   -31.4682
  -0.264914
    22.2345
   0.681427
    2.22836
-0.00017295
-2.92735e-18
    -31.4684
   -0.264941
     22.2345
    0.681424
     2.22835
-0.000173024
-4.06576e-17
    -31.4683
    -0.26492
     22.2345
    0.681425
     2.22836
-0.000172977
 1.87567e-17
    -31.4683
   -0.264926
     22.2345
    0.681426
     2.22836
-0.000172968
-3.68629e-17
    -31.4682
    -0.26492
     22.2345
    0.681424
     2.22836
-0.000172996
-3.62124e-17
    -31.4683
   -0.264925
     22.2345
    0.681425
     2.22836
-0.000172987
 3.24176e-17
    -31.4684
   -0.264943
     22.2345
    0.681424
     2.22836
-0.000173002
 1.20346e-17
    -31.4683
    -0.26492
     22.2345
    0.681426
     2.22836
-0.000172974
 1.38778e-17
    -31.4683
   -0.264929
     22.2345
    0.681425
     2.22836
-0.000172981
 9.21572e-18
    -31.4684
   -0.264949
     22.2345
    0.681422
     2.22835
-0.000173048
-2.69966e-17
    -31.4683
    -0.26492
     22.2345
    0.681427
     2.22837
-0.000172939
-3.88144e-17
    -31.4684
   -0.264944
     22.2345
    0.681423
     2.22835
-0.000173032
 3.25261e-19
    -31.4684
   -0.264928
     22.2345
    0.681423
     2.22835
-0.000173025
-6.39679e-18
    -31.4684
   -0.264944
     22.2345
    0.681424
     2.22836
-0.000173003
 3.70797e-17
    -31.4684
   -0.264946
     22.2345
    0.681424
     2.22835
-0.000173012
 2.56956e-17
    -31.4683
   -0.264934
     22.2345
    0.681424
     2.22836
-0.000173006
 5.52943e-18
    -31.4682
   -0.264916
     22.2345
    0.681427
     2.22837
-0.000172924
  -6.863e-17
    -31.4684
    -0.26494
     22.2345
    0.681422
     2.22835
-0.000173047
1.63715e-17
   -31.4684
  -0.264939
    22.2345
   0.681424
    2.22835
-0.00017302
 4.11997e-18
    -31.4683
   -0.264924
     22.2345
    0.681425
     2.22835
-0.000173007
 3.46945e-17
    -31.4683
   -0.264926
     22.2345
    0.681426
     2.22836
-0.000172984
 1.12757e-17
    -31.4684
   -0.264949
     22.2345
    0.681424
     2.22835
-0.000173009
 9.21572e-18
    -31.4683
   -0.264932
     22.2345
    0.681425
     2.22836
-0.000172994
 1.76725e-17
    -31.4684
   -0.264935
     22.2345
    0.681425
     2.22836
-0.000172972
 1.30104e-17
    -31.4683
   -0.264934
     22.2345
    0.681426
     2.22836
-0.000172962
-4.17418e-17
    -31.4683
   -0.264931
     22.2345
    0.681425
     2.22836
 -0.00017298
 3.24176e-17
    -31.4683
   -0.264929
     22.2345
    0.681425
     2.22836
-0.000172988
 2.67798e-17
    -31.4684
   -0.264939
     22.2345
    0.681424
     2.22836
-0.000173006
-4.65123e-17
    -31.4683
   -0.264922
     22.2345
    0.681426
     2.22836
-0.000172959
 3.14419e-18
    -31.4684
   -0.264925
     22.2345
    0.681425
     2.22836
-0.000172989
 1.81062e-17
    -31.4683
   -0.264926
     22.2345
    0.681424
     2.22836
-0.000173003
 1.37694e-17
    -31.4684
    -0.26494
     22.2345
    0.681423
     2.22835
-0.000173042
 -1.4962e-17
    -31.4683
   -0.264925
     22.2345
    0.681424
     2.22835
-0.000173005
-2.40693e-17
    -31.4683
   -0.264935
     22.2345
    0.681424
     2.22836
-0.000173002
 4.01155e-18
    -31.4683
   -0.264936
     22.2345
    0.681425
     2.22836
-0.000172999
-1.35525e-17
    -31.4684
   -0.264939
     22.2345
    0.681423
     2.22835
-0.000173025
-7.80626e-18
    -31.4684
   -0.264937
     22.2345
    0.681424
     2.22836
 -0.00017301
-3.08998e-17
    -31.4684
   -0.264935
     22.2345
    0.681424
     2.22835
-0.000173006
 3.02492e-17
    -31.4683
    -0.26494
     22.2345
    0.681424
     2.22835
-0.000173018
 1.60462e-17
    -31.4683
   -0.264935
     22.2345
    0.681425
     2.22836
-0.000172989
 2.33103e-17
    -31.4685
   -0.264948
     22.2345
    0.681422
     2.22835
-0.000173048
 1.44199e-17
    -31.4683
   -0.264925
     22.2345
    0.681426
     2.22836
-0.000172976
-1.17094e-17
    -31.4684
   -0.264951
     22.2345
    0.681422
     2.22835
-0.000173024
 3.14419e-18
    -31.4683
   -0.264925
     22.2345
    0.681424
     2.22836
-0.000172994
-3.33934e-17
    -31.4683
   -0.264921
     22.2345
    0.681426
     2.22836
-0.000172971
 1.21431e-17
    -31.4684
   -0.264934
     22.2345
    0.681424
     2.22836
-0.000173002
-1.4962e-17
   -31.4683
  -0.264916
    22.2345
   0.681426
    2.22836
-0.00017296
-4.53197e-17
    -31.4683
   -0.264927
     22.2345
    0.681425
     2.22836
-0.000172987
 -2.1684e-17
    -31.4684
   -0.264938
     22.2345
    0.681425
     2.22836
-0.000172975
-1.94072e-17
    -31.4683
   -0.264939
     22.2345
    0.681425
     2.22836
 -0.00017298
 1.40946e-18
    -31.4684
   -0.264946
     22.2345
    0.681423
     2.22835
-0.000173023
  3.3285e-17
    -31.4682
   -0.264913
     22.2345
    0.681427
     2.22837
-0.000172935
 -2.1684e-18
    -31.4684
   -0.264935
     22.2345
    0.681424
     2.22835
-0.000173008
-2.84061e-17
    -31.4684
   -0.264943
     22.2345
    0.681422
     2.22835
-0.000173046
2.92735e-17
   -31.4683
  -0.264933
    22.2345
   0.681425
    2.22836
-0.00017299
-9.21572e-18
    -31.4683
   -0.264928
     22.2345
    0.681424
     2.22835
-0.000173003
  8.0231e-18
    -31.4684
   -0.264946
     22.2345
    0.681424
     2.22835
-0.000173015
-1.14925e-17
    -31.4683
   -0.264934
     22.2345
    0.681425
     2.22836
-0.000172988
 6.39679e-18
    -31.4682
   -0.264913
     22.2345
    0.681427
     2.22837
-0.000172938
-3.00324e-17
    -31.4683
    -0.26493
     22.2345
    0.681425
     2.22836
-0.000172975
-3.38271e-17
    -31.4684
   -0.264937
     22.2345
    0.681424
     2.22836
-0.000172994
-1.72388e-17
    -31.4683
   -0.264933
     22.2345
    0.681426
     2.22836
-0.000172961
3.79471e-18
   -31.4683
  -0.264922
    22.2345
   0.681427
    2.22837
-0.00017294
 6.61363e-18
    -31.4684
   -0.264943
     22.2345
    0.681424
     2.22836
-0.000173002
-6.44016e-17
    -31.4683
   -0.264921
     22.2345
    0.681426
     2.22836
-0.000172961
 1.73472e-17
    -31.4684
   -0.264941
     22.2345
    0.681424
     2.22836
-0.000173004
 1.82146e-17
    -31.4683
   -0.264924
     22.2345
    0.681424
     2.22836
-0.000173008
4.6946e-17
  -31.4683
 -0.264922
   22.2345
  0.681424
   2.22836
 -0.000173
 2.74303e-17
    -31.4684
   -0.264953
     22.2345
    0.681422
     2.22835
-0.000173052
-7.58942e-19
    -31.4683
   -0.264918
     22.2345
    0.681427
     2.22837
-0.000172942
 4.68375e-17
    -31.4683
   -0.264927
     22.2345
    0.681426
     2.22836
-0.000172968
 2.40693e-17
    -31.4684
   -0.264941
     22.2345
    0.681423
     2.22835
-0.000173037
 2.79724e-17
    -31.4683
   -0.264929
     22.2345
    0.681426
     2.22836
-0.000172945
 4.09828e-17
    -31.4684
   -0.264943
     22.2345
    0.681422
     2.22835
-0.000173052
 3.07913e-17
    -31.4682
   -0.264909
     22.2345
    0.681426
     2.22836
-0.000172963
-1.07336e-17
    -31.4683
   -0.264932
     22.2345
    0.681426
     2.22836
-0.000172978
  2.5804e-17
    -31.4683
   -0.264932
     22.2345
    0.681424
     2.22836
-0.000173009
 5.20417e-18
    -31.4682
   -0.264909
     22.2345
    0.681428
     2.22837
-0.000172907
-2.27682e-18
    -31.4682
   -0.264917
     22.2345
    0.681426
     2.22836
-0.000172964
 1.19262e-18
    -31.4683
   -0.264925
     22.2345
    0.681426
     2.22836
-0.000172951
 2.95987e-17
    -31.4683
   -0.264932
     22.2345
    0.681426
     2.22836
-0.000172969
-1.85399e-17
    -31.4683
    -0.26493
     22.2345
    0.681425
     2.22836
-0.000172979
-4.46691e-17
    -31.4683
   -0.264926
     22.2345
    0.681425
     2.22836
-0.000172985
 9.32414e-18
    -31.4682
   -0.264911
     22.2345
    0.681427
     2.22836
-0.000172953
 3.03577e-18
    -31.4683
   -0.264941
     22.2345
    0.681425
     2.22836
-0.000173006
 2.59124e-17
    -31.4683
   -0.264933
     22.2345
    0.681426
     2.22836
-0.000172961
 3.96818e-17
    -31.4684
   -0.264937
     22.2345
    0.681425
     2.22835
-0.000173009
-1.02999e-17
    -31.4684
    -0.26494
     22.2345
    0.681423
     2.22835
 -0.00017304
-1.45283e-17
    -31.4683
   -0.264925
     22.2345
    0.681425
     2.22836
 -0.00017299
  3.7405e-17
    -31.4684
    -0.26495
     22.2345
    0.681423
     2.22835
-0.000173038
 2.26598e-17
    -31.4684
   -0.264936
     22.2345
    0.681424
     2.22835
-0.000173016
-3.41524e-17
    -31.4684
   -0.264941
     22.2345
    0.681425
     2.22836
-0.000172961
-2.42861e-17
    -31.4684
   -0.264933
     22.2345
    0.681424
     2.22836
-0.000173006
 5.42101e-19
    -31.4684
   -0.264948
     22.2345
    0.681423
     2.22835
-0.000173038
-3.95734e-17
    -31.4682
   -0.264912
     22.2345
    0.681427
     2.22837
-0.000172928
 5.07407e-17
    -31.4683
   -0.264915
     22.2345
    0.681426
     2.22836
-0.000172951
 9.75782e-18
    -31.4683
   -0.264918
     22.2345
    0.681427
     2.22837
-0.000172934
-8.67362e-18
    -31.4684
   -0.264943
     22.2345
    0.681423
     2.22835
-0.000173039
-2.71051e-18
    -31.4683
   -0.264927
     22.2345
    0.681425
     2.22836
-0.000172999
 5.42101e-19
    -31.4683
    -0.26494
     22.2345
    0.681424
     2.22835
-0.000173014
 3.68629e-17
    -31.4685
   -0.264952
     22.2345
    0.681422
     2.22835
-0.000173058
-5.31259e-18
    -31.4683
   -0.264936
     22.2345
    0.681424
     2.22836
-0.000172997
-4.39102e-17
    -31.4682
   -0.264909
     22.2345
    0.681426
     2.22836
-0.000172956
 4.30428e-17
    -31.4683
   -0.264922
     22.2345
    0.681426
     2.22836
-0.000172971
 2.17925e-17
    -31.4683
   -0.264928
     22.2345
    0.681425
     2.22836
-0.000172984
 1.07336e-17
    -31.4683
   -0.264932
     22.2345
    0.681424
     2.22835
-0.000173004
4.22839e-18
   -31.4684
  -0.264936
    22.2345
   0.681423
    2.22835
-0.00017301
 2.60209e-17
    -31.4683
   -0.264935
     22.2345
    0.681424
     2.22835
-0.000173017
 6.72205e-18
    -31.4683
   -0.264933
     22.2345
    0.681424
     2.22835
-0.000173005
-1.40946e-18
    -31.4683
   -0.264929
     22.2345
    0.681424
     2.22835
-0.000173003
-5.19333e-17
    -31.4684
   -0.264947
     22.2345
    0.681423
     2.22835
-0.000173015
-2.56956e-17
    -31.4683
   -0.264922
     22.2345
    0.681426
     2.22836
-0.000172962
-1.51788e-18
    -31.4682
   -0.264912
     22.2345
    0.681427
     2.22837
-0.000172929
-4.44523e-17
    -31.4684
   -0.264942
     22.2345
    0.681424
     2.22835
-0.000173014
-1.84314e-18
    -31.4684
   -0.264929
     22.2345
    0.681425
     2.22836
-0.000172966
 2.38524e-18
    -31.4683
   -0.264935
     22.2345
    0.681425
     2.22836
-0.000172988
-4.05492e-17
    -31.4682
   -0.264911
     22.2345
    0.681426
     2.22837
-0.000172939
 2.26598e-17
    -31.4683
   -0.264933
     22.2345
    0.681424
     2.22835
-0.000173008
-4.87891e-18
    -31.4684
   -0.264936
     22.2345
    0.681424
     2.22836
-0.000172991
 1.06252e-17
    -31.4684
   -0.264933
     22.2345
    0.681425
     2.22836
-0.000172996
-2.52619e-17
    -31.4683
   -0.264932
     22.2345
    0.681424
     2.22836
-0.000172992
2.27682e-18
   -31.4684
  -0.264933
    22.2345
   0.681423
    2.22835
-0.00017302
-2.27682e-17
    -31.4682
   -0.264914
     22.2345
    0.681426
     2.22836
 -0.00017296
  1.9082e-17
    -31.4683
   -0.264929
     22.2345
    0.681424
     2.22835
-0.000173013
-2.34188e-17
    -31.4683
   -0.264929
     22.2345
    0.681425
     2.22836
-0.000172998
-2.38524e-18
    -31.4684
   -0.264934
     22.2345
    0.681425
     2.22836
 -0.00017298
 2.14672e-17
    -31.4684
   -0.264934
     22.2345
    0.681423
     2.22836
-0.000173012
 3.79471e-17
    -31.4682
   -0.264914
     22.2345
    0.681427
     2.22837
-0.000172936
 1.78893e-17
    -31.4683
   -0.264922
     22.2345
    0.681426
     2.22837
-0.000172952
-3.05745e-17
    -31.4683
   -0.264931
     22.2345
    0.681425
     2.22836
-0.000172986
  2.5804e-17
    -31.4683
    -0.26493
     22.2345
    0.681425
     2.22836
-0.000173004
 3.79471e-17
    -31.4683
   -0.264933
     22.2345
    0.681425
     2.22835
-0.000173004
 3.00324e-17
    -31.4683
   -0.264928
     22.2345
    0.681426
     2.22836
-0.000172972
 1.23599e-17
    -31.4683
   -0.264933
     22.2345
    0.681424
     2.22835
-0.000173005
  1.6263e-18
    -31.4683
   -0.264929
     22.2345
    0.681425
     2.22836
-0.000172981
-2.49366e-18
    -31.4684
   -0.264944
     22.2345
    0.681426
     2.22836
-0.000172972
-7.37257e-18
    -31.4683
   -0.264933
     22.2345
    0.681424
     2.22836
-0.000172994
 3.33934e-17
    -31.4683
   -0.264933
     22.2345
    0.681425
     2.22836
-0.000172985
-3.06829e-17
    -31.4683
   -0.264936
     22.2345
    0.681426
     2.22837
-0.000172953
 2.32019e-17
    -31.4683
   -0.264938
     22.2345
    0.681424
     2.22835
-0.000173023
-1.39862e-17
    -31.4683
   -0.264926
     22.2345
    0.681425
     2.22836
-0.000172976
 2.25514e-17
    -31.4683
   -0.264929
     22.2345
    0.681425
     2.22836
-0.000172971
-2.36356e-17
    -31.4683
    -0.26493
     22.2345
    0.681425
     2.22836
-0.000172977
-2.00577e-17
    -31.4684
   -0.264932
     22.2345
    0.681425
     2.22836
-0.000172995
-1.71304e-17
    -31.4683
   -0.264933
     22.2345
    0.681425
     2.22836
-0.000172974
 8.23994e-18
    -31.4684
   -0.264942
     22.2345
    0.681423
     2.22835
-0.000173032
 2.60209e-18
    -31.4682
    -0.26492
     22.2345
    0.681426
     2.22836
-0.000172962
-3.98986e-17
    -31.4683
   -0.264936
     22.2345
    0.681424
     2.22836
-0.000172997
 3.18755e-17
    -31.4682
   -0.264922
     22.2345
    0.681426
     2.22836
-0.000172965
-1.52873e-17
    -31.4683
    -0.26493
     22.2345
    0.681425
     2.22836
-0.000172973
 1.81062e-17
    -31.4682
   -0.264903
     22.2345
    0.681427
     2.22837
-0.000172937
  1.4962e-17
    -31.4683
   -0.264924
     22.2345
    0.681425
     2.22836
-0.000172992
-4.21755e-17
    -31.4683
   -0.264918
     22.2345
    0.681426
     2.22836
 -0.00017296
-6.61363e-18
    -31.4682
   -0.264908
     22.2345
    0.681426
     2.22836
-0.000172951
 1.19262e-17
    -31.4683
    -0.26493
     22.2345
    0.681425
     2.22836
-0.000172969
 3.02492e-17
    -31.4683
   -0.264925
     22.2345
    0.681425
     2.22836
-0.000172994
 2.38524e-18
    -31.4683
   -0.264924
     22.2345
    0.681425
     2.22836
-0.000172983
-9.75782e-18
    -31.4685
   -0.264947
     22.2345
    0.681422
     2.22835
-0.000173023
 2.86229e-17
    -31.4683
    -0.26492
     22.2345
    0.681427
     2.22837
-0.000172943
-3.52366e-17
    -31.4683
   -0.264929
     22.2345
    0.681425
     2.22836
-0.000172985
-2.49366e-17
    -31.4683
   -0.264936
     22.2345
    0.681425
     2.22836
-0.000172968
  4.6946e-17
    -31.4684
   -0.264941
     22.2345
    0.681423
     2.22835
-0.000173032
-7.29668e-17
    -31.4684
   -0.264936
     22.2345
    0.681423
     2.22835
-0.000173028
           0
    -31.4685
   -0.264936
     22.2345
    0.681425
     2.22836
-0.000172981
-2.26598e-17
    -31.4683
   -0.264933
     22.2345
    0.681425
     2.22836
-0.000172984
-4.31512e-17
    -31.4683
   -0.264925
     22.2345
    0.681425
     2.22836
-0.000172991
-1.20346e-17
    -31.4684
   -0.264935
     22.2345
    0.681423
     2.22835
-0.000173029
 1.19262e-18
    -31.4683
    -0.26492
     22.2345
    0.681427
     2.22836
-0.000172952
-2.60209e-18
    -31.4683
   -0.264931
     22.2345
    0.681425
     2.22836
 -0.00017298
3.93565e-17
   -31.4683
  -0.264914
    22.2345
   0.681425
    2.22836
-0.00017298
 1.44199e-17
    -31.4684
   -0.264934
     22.2345
    0.681425
     2.22836
-0.000172996
-3.72966e-17
    -31.4684
   -0.264939
     22.2345
    0.681424
     2.22836
-0.000172981
  1.8323e-17
    -31.4683
   -0.264924
     22.2345
    0.681424
     2.22835
-0.000173008
-1.32273e-17
    -31.4683
   -0.264925
     22.2345
    0.681425
     2.22836
-0.000172977
 8.78204e-18
    -31.4683
   -0.264924
     22.2345
    0.681426
     2.22836
-0.000172954
-3.28513e-17
    -31.4683
   -0.264921
     22.2345
    0.681426
     2.22836
 -0.00017296
  1.0842e-18
    -31.4683
   -0.264929
     22.2345
    0.681425
     2.22836
-0.000172985
 -5.7788e-17
    -31.4683
   -0.264941
     22.2345
    0.681424
     2.22836
-0.000172999
 6.72205e-18
    -31.4683
    -0.26493
     22.2345
    0.681424
     2.22836
-0.000173006
-5.50775e-17
    -31.4683
   -0.264938
     22.2345
    0.681424
     2.22835
-0.000173014
-3.31766e-17
    -31.4683
   -0.264944
     22.2345
    0.681424
     2.22836
-0.000172991
-5.09575e-18
    -31.4684
   -0.264934
     22.2345
    0.681423
     2.22835
-0.000173036
 1.84314e-17
    -31.4684
   -0.264944
     22.2345
    0.681424
     2.22835
-0.000173016
-3.57787e-17
    -31.4684
   -0.264937
     22.2345
    0.681424
     2.22836
-0.000173001
-2.43945e-17
    -31.4683
   -0.264936
     22.2345
    0.681424
     2.22835
 -0.00017301
 1.06252e-17
    -31.4684
   -0.264936
     22.2345
    0.681424
     2.22835
-0.000173016
 7.48099e-18
    -31.4684
   -0.264943
     22.2345
    0.681424
     2.22836
-0.000173002
-1.32273e-17
    -31.4683
   -0.264937
     22.2345
    0.681425
     2.22836
-0.000172973
-2.48282e-17
    -31.4683
    -0.26493
     22.2345
    0.681425
     2.22836
-0.000172974
 5.63785e-18
    -31.4684
   -0.264945
     22.2345
    0.681423
     2.22835
-0.000173027
-8.78204e-18
    -31.4683
   -0.264925
     22.2345
    0.681424
     2.22836
-0.000172999
-2.23346e-17
    -31.4683
   -0.264931
     22.2345
    0.681426
     2.22836
 -0.00017297
 4.83554e-17
    -31.4683
    -0.26493
     22.2345
    0.681426
     2.22836
-0.000172971
-1.14925e-17
    -31.4682
   -0.264919
     22.2345
    0.681427
     2.22836
-0.000172949
-3.20924e-17
    -31.4684
   -0.264933
     22.2345
    0.681425
     2.22836
-0.000172967
 1.44199e-17
    -31.4683
   -0.264928
     22.2345
    0.681425
     2.22836
-0.000172969
-1.05168e-17
    -31.4683
   -0.264939
     22.2345
    0.681425
     2.22836
-0.000172992
 5.47522e-17
    -31.4682
   -0.264913
     22.2345
    0.681427
     2.22837
-0.000172936
 1.07336e-17
    -31.4683
   -0.264925
     22.2345
    0.681425
     2.22836
-0.000172992
 1.56125e-17
    -31.4682
   -0.264921
     22.2345
    0.681426
     2.22836
-0.000172962
-1.57209e-17
    -31.4682
   -0.264919
     22.2345
    0.681426
     2.22836
-0.000172952
-8.67362e-18
    -31.4684
   -0.264933
     22.2345
    0.681425
     2.22836
-0.000172992
 4.01155e-18
    -31.4683
   -0.264927
     22.2345
    0.681425
     2.22836
-0.000172989
  1.0842e-17
    -31.4684
   -0.264934
     22.2345
    0.681423
     2.22835
-0.000173018
  7.4051e-17
    -31.4683
   -0.264935
     22.2345
    0.681424
     2.22836
-0.000173006
           0
    -31.4684
   -0.264955
     22.2345
    0.681424
     2.22836
-0.000173003
 2.81893e-18
    -31.4683
   -0.264927
     22.2345
    0.681426
     2.22836
-0.000172973
 2.55872e-17
    -31.4684
   -0.264934
     22.2345
    0.681424
     2.22835
-0.000173014
 1.21431e-17
    -31.4684
   -0.264944
     22.2345
    0.681424
     2.22835
-0.000173009
-4.44523e-17
    -31.4683
    -0.26493
     22.2345
    0.681426
     2.22836
-0.000172961
-5.74627e-18
    -31.4683
   -0.264931
     22.2345
    0.681425
     2.22836
 -0.00017298
 6.17995e-18
    -31.4683
   -0.264932
     22.2345
    0.681426
     2.22836
-0.000172961
2.07083e-17
   -31.4683
  -0.264922
    22.2345
   0.681426
    2.22836
-0.00017297
 3.37187e-17
    -31.4683
   -0.264929
     22.2345
    0.681426
     2.22836
-0.000172964
 -1.4962e-17
    -31.4683
   -0.264921
     22.2345
    0.681426
     2.22837
-0.000172944
-4.66207e-18
    -31.4683
   -0.264928
     22.2345
    0.681426
     2.22836
-0.000172974
 3.36103e-17
    -31.4683
    -0.26494
     22.2345
    0.681424
     2.22835
-0.000173019
-5.22585e-17
    -31.4683
   -0.264917
     22.2345
    0.681425
     2.22836
-0.000172973
 2.21177e-17
    -31.4684
   -0.264936
     22.2345
    0.681426
     2.22836
-0.000172962
 -2.1684e-17
    -31.4683
   -0.264928
     22.2345
    0.681425
     2.22836
-0.000172967
-7.91468e-18
    -31.4684
   -0.264943
     22.2345
    0.681424
     2.22836
-0.000172989
-1.43115e-17
    -31.4684
   -0.264942
     22.2345
    0.681424
     2.22836
-0.000173015
 1.81062e-17
    -31.4683
   -0.264932
     22.2345
    0.681425
     2.22836
-0.000172977
-2.81893e-17
    -31.4683
   -0.264923
     22.2345
    0.681426
     2.22836
 -0.00017296
-2.33103e-17
    -31.4684
   -0.264932
     22.2345
    0.681426
     2.22836
-0.000172971
 7.58942e-18
    -31.4682
   -0.264917
     22.2345
    0.681427
     2.22836
-0.000172948
 1.02999e-17
    -31.4683
   -0.264929
     22.2345
    0.681426
     2.22836
-0.000172962
  2.7864e-17
    -31.4682
   -0.264924
     22.2345
    0.681425
     2.22836
-0.000172973
 4.22839e-18
    -31.4683
   -0.264929
     22.2345
    0.681427
     2.22837
-0.000172926
 5.39933e-17
    -31.4684
   -0.264938
     22.2345
    0.681424
     2.22836
-0.000172996
 1.45283e-17
    -31.4684
   -0.264951
     22.2345
    0.681424
     2.22836
-0.000173008
 1.43115e-17
    -31.4684
   -0.264943
     22.2345
    0.681424
     2.22835
-0.000173004
-4.77049e-18
    -31.4683
   -0.264929
     22.2345
    0.681426
     2.22836
-0.000172954
 4.57533e-17
    -31.4683
   -0.264937
     22.2345
    0.681426
     2.22836
-0.000172977
-7.64363e-17
    -31.4683
    -0.26493
     22.2345
    0.681424
     2.22836
-0.000172989
 6.70037e-17
    -31.4683
   -0.264926
     22.2345
    0.681426
     2.22836
-0.000172955
-2.1684e-18
   -31.4683
  -0.264935
    22.2345
   0.681425
    2.22836
-0.00017298
 2.88398e-17
    -31.4682
   -0.264923
     22.2345
    0.681425
     2.22836
-0.000172982
  2.6563e-17
    -31.4683
   -0.264929
     22.2345
    0.681424
     2.22835
-0.000173015
 2.87314e-17
    -31.4684
   -0.264933
     22.2345
    0.681424
     2.22836
-0.000173003
-1.40946e-17
    -31.4683
   -0.264932
     22.2345
    0.681424
     2.22835
-0.000173015
 7.15573e-18
    -31.4684
   -0.264935
     22.2345
    0.681424
     2.22836
-0.000172999
 6.34258e-17
    -31.4683
   -0.264918
     22.2345
    0.681426
     2.22836
-0.000172972
 -2.1684e-19
    -31.4684
   -0.264941
     22.2345
    0.681423
     2.22835
-0.000173029
 3.93565e-17
    -31.4683
   -0.264933
     22.2345
    0.681426
     2.22836
-0.000172974
 8.34836e-18
    -31.4684
   -0.264931
     22.2345
    0.681424
     2.22836
-0.000173004
-1.59378e-17
    -31.4683
   -0.264924
     22.2345
    0.681426
     2.22836
-0.000172966
2.74303e-17
   -31.4682
  -0.264915
    22.2345
   0.681427
    2.22837
-0.00017294
 1.69136e-17
    -31.4683
   -0.264917
     22.2345
    0.681426
     2.22836
-0.000172953
 1.19262e-18
    -31.4683
   -0.264934
     22.2345
    0.681425
     2.22836
-0.000172995
-7.95804e-17
    -31.4683
   -0.264934
     22.2345
    0.681425
     2.22836
-0.000172987
 1.84314e-18
    -31.4682
     -0.2649
     22.2345
    0.681427
     2.22837
-0.000172934
 2.09251e-17
    -31.4683
   -0.264928
     22.2345
    0.681425
     2.22836
-0.000172982
 1.58294e-17
    -31.4683
   -0.264921
     22.2345
    0.681425
     2.22836
-0.000172987
 1.35525e-17
    -31.4682
   -0.264906
     22.2345
    0.681426
     2.22836
-0.000172951
-2.79724e-17
    -31.4683
   -0.264926
     22.2345
    0.681426
     2.22836
-0.000172955
 5.20417e-18
    -31.4683
   -0.264916
     22.2345
    0.681425
     2.22836
-0.000173001
 7.68699e-17
    -31.4683
   -0.264918
     22.2345
    0.681425
     2.22836
-0.000172975
-2.41777e-17
    -31.4683
   -0.264926
     22.2345
    0.681425
     2.22836
-0.000172962
3.35018e-17
   -31.4684
  -0.264938
    22.2345
   0.681424
    2.22836
  -0.000173
-5.85469e-18
    -31.4684
   -0.264936
     22.2345
    0.681424
     2.22835
-0.000173007
-2.29851e-17
    -31.4682
   -0.264918
     22.2345
    0.681426
     2.22837
-0.000172947
-4.55365e-18
    -31.4684
   -0.264938
     22.2345
    0.681425
     2.22836
-0.000172986
-7.80626e-18
    -31.4683
   -0.264914
     22.2345
    0.681425
     2.22836
-0.000172984
 2.28767e-17
    -31.4683
   -0.264932
     22.2345
    0.681425
     2.22836
-0.000172991
-2.60209e-17
    -31.4683
   -0.264929
     22.2345
    0.681425
     2.22836
-0.000172975
-2.46114e-17
    -31.4684
   -0.264941
     22.2345
    0.681425
     2.22836
-0.000172981
-7.26415e-18
    -31.4684
   -0.264943
     22.2345
    0.681424
     2.22836
-0.000173006
 2.62377e-17
    -31.4683
   -0.264928
     22.2345
    0.681425
     2.22836
-0.000172997
 3.63208e-17
    -31.4684
   -0.264934
     22.2345
    0.681424
     2.22836
-0.000173001
 3.06829e-17
    -31.4684
   -0.264936
     22.2345
    0.681423
     2.22835
-0.000173023
 4.55365e-17
    -31.4683
   -0.264921
     22.2345
    0.681426
     2.22836
-0.000172964
 2.49366e-18
    -31.4684
   -0.264936
     22.2345
    0.681426
     2.22836
-0.000172967
-2.02746e-17
    -31.4683
   -0.264928
     22.2345
    0.681425
     2.22836
 -0.00017299
-2.42861e-17
    -31.4684
    -0.26493
     22.2345
    0.681425
     2.22836
-0.000172988
 5.17164e-17
    -31.4683
   -0.264932
     22.2345
    0.681425
     2.22836
-0.000172981
 4.91144e-17
    -31.4683
   -0.264923
     22.2345
    0.681426
     2.22836
-0.000172975
2.73219e-17
   -31.4683
  -0.264936
    22.2345
   0.681426
    2.22836
-0.00017297
 3.04661e-17
    -31.4683
   -0.264931
     22.2345
    0.681426
     2.22836
-0.000172954
2.63461e-17
   -31.4683
  -0.264924
    22.2345
   0.681427
    2.22837
-0.00017294
  1.6263e-17
    -31.4684
   -0.264943
     22.2345
    0.681423
     2.22835
-0.000173025
-7.26415e-18
    -31.4684
   -0.264935
     22.2345
    0.681424
     2.22835
-0.000173016
-2.66714e-17
    -31.4682
   -0.264914
     22.2345
    0.681424
     2.22836
-0.000173001
-5.52943e-18
    -31.4682
   -0.264911
     22.2345
    0.681427
     2.22837
-0.000172923
-3.8706e-17
   -31.4683
  -0.264941
    22.2345
   0.681425
    2.22836
  -0.000173
-1.26852e-17
    -31.4683
   -0.264932
     22.2345
    0.681425
     2.22836
-0.000172979
 2.77556e-17
    -31.4684
   -0.264944
     22.2345
    0.681424
     2.22836
-0.000173001
 6.50521e-18
    -31.4682
   -0.264917
     22.2345
    0.681425
     2.22836
-0.000172972
-3.79471e-18
    -31.4683
   -0.264928
     22.2345
    0.681424
     2.22835
-0.000173016
-2.93819e-17
    -31.4684
   -0.264942
     22.2345
    0.681423
     2.22836
 -0.00017301
 3.06829e-17
    -31.4683
    -0.26494
     22.2345
    0.681424
     2.22835
-0.000173011
-5.85469e-18
    -31.4683
   -0.264931
     22.2345
    0.681424
     2.22835
-0.000173019
 2.05998e-17
    -31.4683
   -0.264932
     22.2345
    0.681424
     2.22836
-0.000172995
-4.59702e-17
    -31.4684
   -0.264933
     22.2345
    0.681424
     2.22836
-0.000172999
-1.75641e-17
    -31.4683
   -0.264929
     22.2345
    0.681425
     2.22836
-0.000172986
 2.23346e-17
    -31.4684
   -0.264934
     22.2345
    0.681425
     2.22836
-0.000172986
 9.21572e-18
    -31.4684
   -0.264938
     22.2345
    0.681423
     2.22835
-0.000173025
 5.22585e-17
    -31.4685
    -0.26495
     22.2345
    0.681422
     2.22835
-0.000173055
 2.82977e-17
    -31.4684
   -0.264937
     22.2345
    0.681424
     2.22835
-0.000173023
 2.60209e-17
    -31.4684
   -0.264944
     22.2345
    0.681425
     2.22836
-0.000172991
 4.66207e-18
    -31.4683
   -0.264917
     22.2345
    0.681426
     2.22836
-0.000172974
-3.48029e-17
    -31.4683
   -0.264922
     22.2345
    0.681426
     2.22836
-0.000172946
-8.34836e-18
    -31.4684
   -0.264933
     22.2345
    0.681426
     2.22836
-0.000172958
-2.38524e-17
    -31.4683
   -0.264928
     22.2345
    0.681425
     2.22836
-0.000172982
 2.27682e-17
    -31.4684
   -0.264943
     22.2345
    0.681424
     2.22836
-0.000173003
-3.46945e-18
    -31.4684
   -0.264938
     22.2345
    0.681424
     2.22836
-0.000173003
-2.15756e-17
    -31.4684
    -0.26493
     22.2345
    0.681424
     2.22836
 -0.00017301
-2.33103e-17
    -31.4684
   -0.264936
     22.2345
    0.681425
     2.22836
-0.000172989
 3.80555e-17
    -31.4683
   -0.264921
     22.2345
    0.681426
     2.22837
-0.000172948
  4.6946e-17
    -31.4684
   -0.264948
     22.2345
    0.681425
     2.22835
-0.000173006
 1.63715e-17
    -31.4683
   -0.264934
     22.2345
    0.681427
     2.22837
-0.000172949
-5.06322e-17
    -31.4683
   -0.264935
     22.2345
    0.681425
     2.22836
-0.000172982
 -1.0842e-17
    -31.4683
    -0.26492
     22.2345
    0.681426
     2.22836
-0.000172956
 1.77809e-17
    -31.4682
   -0.264921
     22.2345
    0.681426
     2.22836
-0.000172965
 3.25261e-19
    -31.4683
   -0.264935
     22.2345
    0.681425
     2.22836
-0.000172995
-1.19262e-18
    -31.4683
   -0.264925
     22.2345
    0.681426
     2.22836
-0.000172962
4.94396e-17
   -31.4683
  -0.264943
    22.2345
   0.681424
    2.22836
  -0.000173
-3.72966e-17
    -31.4683
   -0.264927
     22.2345
    0.681425
     2.22836
-0.000172967
-2.87314e-17
    -31.4683
   -0.264914
     22.2345
    0.681427
     2.22836
-0.000172943
 1.31188e-17
    -31.4684
   -0.264933
     22.2345
    0.681425
     2.22836
-0.000172985
 2.11419e-17
    -31.4683
   -0.264935
     22.2345
    0.681426
     2.22836
-0.000172967
-3.25261e-19
    -31.4684
   -0.264938
     22.2345
    0.681424
     2.22836
   -0.000173
-1.99493e-17
    -31.4684
   -0.264929
     22.2345
    0.681424
     2.22836
-0.000173003
-2.01662e-17
    -31.4684
   -0.264943
     22.2345
    0.681424
     2.22836
-0.000172997
 3.36103e-18
    -31.4682
   -0.264914
     22.2345
    0.681426
     2.22836
-0.000172959
 9.32414e-18
    -31.4682
   -0.264923
     22.2345
    0.681426
     2.22836
-0.000172969
 2.75387e-17
    -31.4683
    -0.26494
     22.2345
    0.681424
     2.22835
-0.000173011
 1.76725e-17
    -31.4684
   -0.264933
     22.2345
    0.681425
     2.22836
-0.000172999
-3.88144e-17
    -31.4683
   -0.264931
     22.2345
    0.681424
     2.22836
-0.000172994
 9.97466e-18
    -31.4683
   -0.264932
     22.2345
    0.681426
     2.22836
-0.000172969
-3.69713e-17
    -31.4683
   -0.264932
     22.2345
    0.681424
     2.22836
 -0.00017299
 7.15573e-18
    -31.4683
   -0.264934
     22.2345
    0.681426
     2.22836
-0.000172953
 8.78204e-18
    -31.4682
   -0.264915
     22.2345
    0.681426
     2.22836
-0.000172959
 1.38778e-17
    -31.4682
   -0.264918
     22.2345
    0.681426
     2.22836
-0.000172959
-2.26598e-17
    -31.4683
   -0.264921
     22.2345
    0.681425
     2.22836
-0.000172985
-2.42861e-17
    -31.4684
   -0.264936
     22.2345
    0.681425
     2.22836
-0.000172977
-1.11673e-17
    -31.4684
   -0.264936
     22.2345
    0.681425
     2.22836
-0.000172985
-2.49366e-18
    -31.4683
   -0.264929
     22.2345
    0.681426
     2.22836
-0.000172968
-4.85723e-17
    -31.4683
   -0.264932
     22.2345
    0.681425
     2.22836
-0.000172976
  4.0766e-17
    -31.4683
   -0.264927
     22.2345
    0.681425
     2.22836
-0.000172987
 4.59702e-17
    -31.4683
   -0.264929
     22.2345
    0.681426
     2.22836
-0.000172963
-1.40946e-18
    -31.4684
    -0.26494
     22.2345
    0.681424
     2.22836
-0.000173001
  3.4586e-17
    -31.4683
   -0.264935
     22.2345
    0.681426
     2.22836
-0.000172974
 5.20417e-18
    -31.4683
   -0.264923
     22.2345
    0.681425
     2.22836
-0.000172996
 1.04083e-17
    -31.4683
   -0.264928
     22.2345
    0.681426
     2.22836
-0.000172973
 2.69966e-17
    -31.4683
   -0.264924
     22.2345
    0.681426
     2.22836
-0.000172972
-1.65883e-17
    -31.4683
   -0.264921
     22.2345
    0.681426
     2.22837
-0.000172951
 1.45283e-17
    -31.4684
   -0.264938
     22.2345
    0.681425
     2.22836
-0.000172986
-7.26415e-18
    -31.4683
   -0.264925
     22.2345
    0.681424
     2.22836
-0.000173004
  2.4503e-17
    -31.4683
   -0.264915
     22.2345
    0.681426
     2.22837
-0.000172945
  1.9082e-17
    -31.4684
   -0.264943
     22.2345
    0.681423
     2.22835
-0.000173035
-4.40186e-17
    -31.4683
   -0.264931
     22.2345
    0.681425
     2.22836
-0.000172978
-8.45678e-18
    -31.4683
   -0.264911
     22.2345
    0.681427
     2.22837
-0.000172932
-4.19586e-17
    -31.4683
   -0.264922
     22.2345
    0.681426
     2.22836
-0.000172948
 2.41777e-17
    -31.4684
   -0.264936
     22.2345
    0.681424
     2.22835
-0.000173009
 1.04083e-17
    -31.4684
   -0.264934
     22.2345
    0.681424
     2.22835
-0.000173018
2.66714e-17
   -31.4684
  -0.264947
    22.2345
   0.681424
    2.22835
-0.00017302
 1.44199e-17
    -31.4683
    -0.26492
     22.2345
    0.681424
     2.22835
-0.000173004
-4.77049e-18
    -31.4685
   -0.264951
     22.2345
    0.681423
     2.22835
-0.000173046
 9.75782e-18
    -31.4683
   -0.264933
     22.2345
    0.681425
     2.22836
-0.000172979
 5.52943e-18
    -31.4684
   -0.264944
     22.2345
    0.681424
     2.22836
-0.000172995
-2.61293e-17
    -31.4683
   -0.264917
     22.2345
    0.681426
     2.22837
-0.000172948
-4.67291e-17
    -31.4682
   -0.264919
     22.2345
    0.681425
     2.22836
-0.000172992
 1.37694e-17
    -31.4683
   -0.264937
     22.2345
    0.681424
     2.22836
-0.000173007
-1.24683e-17
    -31.4682
   -0.264902
     22.2345
    0.681427
     2.22837
-0.000172931
-8.23994e-18
    -31.4683
   -0.264925
     22.2345
    0.681425
     2.22836
-0.000172991
-1.88651e-17
    -31.4683
   -0.264925
     22.2345
    0.681426
     2.22837
-0.000172941
 4.58618e-17
    -31.4683
   -0.264928
     22.2345
    0.681426
     2.22836
-0.000172955
-5.43185e-17
    -31.4683
   -0.264925
     22.2345
    0.681426
     2.22836
-0.000172968
-9.86624e-18
    -31.4684
    -0.26494
     22.2345
    0.681426
     2.22836
-0.000172957
 -1.6263e-18
    -31.4683
    -0.26492
     22.2345
    0.681426
     2.22836
-0.000172956
-3.40439e-17
    -31.4683
   -0.264943
     22.2345
    0.681425
     2.22836
-0.000172988
-2.56956e-17
    -31.4684
   -0.264937
     22.2345
    0.681424
     2.22835
-0.000173013
-1.58294e-17
    -31.4682
   -0.264911
     22.2345
    0.681426
     2.22837
-0.000172948
-4.80302e-17
    -31.4684
   -0.264935
     22.2345
    0.681425
     2.22836
-0.000172995
 2.30935e-17
    -31.4683
   -0.264928
     22.2345
    0.681424
     2.22835
-0.000173021
-2.05998e-18
    -31.4682
   -0.264909
     22.2345
    0.681427
     2.22837
-0.000172949
  8.5652e-18
    -31.4684
   -0.264939
     22.2345
    0.681426
     2.22836
-0.000172959
 1.95156e-18
    -31.4683
   -0.264925
     22.2345
    0.681426
     2.22836
-0.000172951
-2.40693e-17
    -31.4683
   -0.264925
     22.2345
    0.681425
     2.22836
-0.000172976
-8.13152e-18
    -31.4683
   -0.264936
     22.2345
    0.681424
     2.22835
-0.000173013
 4.16334e-17
    -31.4684
   -0.264945
     22.2345
    0.681424
     2.22836
-0.000172999
-1.72388e-17
    -31.4684
   -0.264933
     22.2345
    0.681425
     2.22836
-0.000172976
-4.98733e-18
    -31.4682
   -0.264923
     22.2345
    0.681427
     2.22837
-0.000172939
 2.60209e-18
    -31.4682
   -0.264923
     22.2345
    0.681426
     2.22836
-0.000172963
 2.80808e-17
    -31.4683
   -0.264937
     22.2345
    0.681424
     2.22835
-0.000173014
-4.04407e-17
    -31.4683
   -0.264928
     22.2345
    0.681425
     2.22836
-0.000172989
 1.13841e-17
    -31.4684
   -0.264947
     22.2345
    0.681424
     2.22835
-0.000173014
 6.09322e-17
    -31.4683
   -0.264933
     22.2345
    0.681425
     2.22836
-0.000172984
-6.83047e-18
    -31.4684
   -0.264935
     22.2345
    0.681424
     2.22835
-0.000173008
 1.05168e-17
    -31.4683
   -0.264931
     22.2345
    0.681424
     2.22836
-0.000173005
 1.00831e-17
    -31.4683
   -0.264942
     22.2345
    0.681424
     2.22836
-0.000172996
1.96241e-17
   -31.4684
  -0.264937
    22.2345
   0.681424
    2.22836
  -0.000173
 1.20346e-17
    -31.4683
   -0.264936
     22.2345
    0.681424
     2.22836
-0.000173012
 6.72205e-18
    -31.4684
   -0.264956
     22.2345
    0.681423
     2.22835
-0.000173038
  5.1608e-17
    -31.4683
   -0.264934
     22.2345
    0.681425
     2.22836
-0.000172994
 1.66967e-17
    -31.4684
    -0.26495
     22.2345
    0.681424
     2.22836
-0.000173002
-7.48099e-18
    -31.4684
   -0.264935
     22.2345
    0.681424
     2.22836
-0.000173002
-1.87567e-17
    -31.4684
   -0.264941
     22.2345
    0.681424
     2.22835
-0.000173012
-1.51788e-17
    -31.4683
   -0.264925
     22.2345
    0.681425
     2.22836
-0.000172985
 2.08167e-17
    -31.4684
    -0.26494
     22.2345
    0.681424
     2.22835
-0.000173023
1.06252e-17
   -31.4684
  -0.264945
    22.2345
   0.681424
    2.22835
-0.00017301
-4.87891e-17
    -31.4683
   -0.264926
     22.2345
    0.681426
     2.22836
-0.000172962
-2.48282e-17
    -31.4683
    -0.26492
     22.2345
    0.681426
     2.22836
-0.000172961
 3.68629e-18
    -31.4684
    -0.26493
     22.2345
    0.681424
     2.22836
-0.000173001
 3.90313e-18
    -31.4684
   -0.264939
     22.2345
    0.681424
     2.22835
-0.000173014
 6.07153e-18
    -31.4684
   -0.264951
     22.2345
    0.681422
     2.22835
-0.000173036
 1.87567e-17
    -31.4684
   -0.264923
     22.2345
    0.681426
     2.22836
-0.000172951
2.64545e-17
   -31.4683
  -0.264926
    22.2345
   0.681425
    2.22836
-0.00017298
 6.64616e-17
    -31.4683
   -0.264918
     22.2345
    0.681428
     2.22837
-0.000172922
 1.52873e-17
    -31.4683
   -0.264933
     22.2345
    0.681423
     2.22835
-0.000173039
